9 1298
0 1 2 3 4 5 6 8 14 
0 1 2 4 5 6 7 8 14 
0 1 3 4 5 6 7 8 14 
0 2 3 4 5 6 7 8 14 
1 2 4 5 6 7 14 16 17 
1 4 5 6 7 8 14 16 17 
2 4 5 6 7 8 15 16 17 
1 2 4 5 7 14 15 16 17 
1 4 5 7 8 14 15 16 17 
0 1 2 3 4 5 6 7 18 
0 1 2 3 4 5 7 8 18 
0 1 2 3 4 6 7 8 18 
0 1 2 3 5 6 7 8 18 
1 2 3 4 5 6 7 8 18 
0 1 2 3 4 5 6 14 18 
0 1 2 4 5 6 7 14 18 
0 1 3 4 5 6 7 14 18 
0 2 3 4 5 6 7 14 18 
0 1 2 3 4 5 8 14 18 
0 1 2 3 5 6 8 14 18 
1 2 3 4 5 6 8 14 18 
0 1 2 4 5 7 8 14 18 
0 1 3 4 5 7 8 14 18 
0 2 3 4 5 7 8 14 18 
0 1 3 5 6 7 8 14 18 
1 3 4 5 6 7 8 14 18 
2 3 4 5 6 7 8 16 18 
0 2 3 5 6 7 15 16 18 
2 3 4 6 7 8 15 16 18 
2 4 5 6 7 8 15 16 18 
1 4 5 6 8 14 15 16 18 
0 1 2 7 8 14 15 16 18 
0 1 2 4 6 7 8 17 18 
0 1 2 5 6 7 8 17 18 
1 2 4 5 6 7 8 17 18 
1 2 4 5 7 8 14 17 18 
0 1 3 4 6 7 15 17 18 
0 2 3 5 6 7 15 17 18 
1 4 5 7 8 14 15 17 18 
0 1 2 7 8 14 16 17 18 
0 2 3 5 6 15 16 17 18 
0 2 4 6 7 15 16 17 18 
0 3 4 6 7 15 16 17 18 
0 2 5 6 7 15 16 17 18 
0 3 5 6 7 15 16 17 18 
2 4 5 6 7 15 16 17 18 
1 4 5 6 8 15 16 17 18 
0 1 2 7 8 15 16 17 18 
0 1 3 7 8 15 16 17 18 
1 3 4 7 8 15 16 17 18 
1 4 5 7 8 15 16 17 18 
4 5 6 7 8 15 16 17 18 
0 1 2 3 14 15 16 17 18 
1 2 5 7 14 15 16 17 18 
0 1 2 8 14 15 16 17 18 
0 1 3 8 14 15 16 17 18 
1 5 6 8 14 15 16 17 18 
1 2 7 8 14 15 16 17 18 
1 5 7 8 14 15 16 17 18 
1 2 4 5 7 14 15 16 19 
1 4 5 6 8 14 15 16 19 
0 1 2 7 8 14 15 16 19 
0 2 3 5 6 7 15 17 19 
0 2 5 6 7 8 15 17 19 
2 4 5 6 7 8 15 17 19 
1 2 4 5 7 14 15 17 19 
1 2 4 5 6 14 16 17 19 
1 4 5 6 8 14 16 17 19 
0 1 2 7 8 14 16 17 19 
2 4 5 7 8 14 16 17 19 
0 2 4 6 7 15 16 17 19 
1 4 5 6 8 15 16 17 19 
2 4 5 6 8 15 16 17 19 
0 1 2 7 8 15 16 17 19 
2 4 5 7 8 15 16 17 19 
2 4 6 7 8 15 16 17 19 
0 1 2 3 14 15 16 17 19 
1 2 4 5 14 15 16 17 19 
1 2 5 6 14 15 16 17 19 
1 2 4 7 14 15 16 17 19 
2 4 5 7 14 15 16 17 19 
0 1 2 8 14 15 16 17 19 
0 1 3 8 14 15 16 17 19 
1 4 5 8 14 15 16 17 19 
1 5 6 8 14 15 16 17 19 
1 2 7 8 14 15 16 17 19 
1 4 7 8 14 15 16 17 19 
2 5 7 8 14 15 16 17 19 
4 5 7 8 14 15 16 17 19 
0 1 3 4 6 7 15 18 19 
2 3 4 6 7 8 15 18 19 
2 4 5 6 7 8 15 18 19 
0 1 2 7 8 14 15 18 19 
0 2 3 7 8 14 16 18 19 
2 3 4 6 7 15 16 18 19 
0 2 3 7 8 15 16 18 19 
2 3 4 7 8 15 16 18 19 
2 4 5 7 8 15 16 18 19 
0 1 2 3 14 15 16 18 19 
0 1 2 7 14 15 16 18 19 
1 2 5 7 14 15 16 18 19 
0 1 3 8 14 15 16 18 19 
0 2 3 8 14 15 16 18 19 
2 3 5 8 14 15 16 18 19 
0 1 7 8 14 15 16 18 19 
0 2 7 8 14 15 16 18 19 
2 5 7 8 14 15 16 18 19 
0 2 3 5 6 7 17 18 19 
0 1 2 4 7 8 17 18 19 
0 2 4 6 7 8 17 18 19 
0 2 5 6 7 8 17 18 19 
2 4 5 6 7 8 17 18 19 
0 1 2 3 6 14 17 18 19 
0 2 3 5 6 14 17 18 19 
1 2 4 5 6 14 17 18 19 
1 2 4 5 7 14 17 18 19 
1 2 4 7 8 14 17 18 19 
2 4 5 7 8 14 17 18 19 
0 1 3 4 6 15 17 18 19 
0 2 3 5 7 15 17 18 19 
1 2 4 5 7 15 17 18 19 
0 2 3 6 7 15 17 18 19 
0 1 4 6 7 15 17 18 19 
0 2 4 6 7 15 17 18 19 
2 3 5 6 7 15 17 18 19 
2 4 5 6 7 15 17 18 19 
1 4 5 6 8 15 17 18 19 
0 1 2 7 8 15 17 18 19 
0 2 5 7 8 15 17 18 19 
1 4 6 7 8 15 17 18 19 
4 5 6 7 8 15 17 18 19 
0 1 2 3 14 15 17 18 19 
1 2 5 6 14 15 17 18 19 
1 2 5 7 14 15 17 18 19 
1 4 5 7 14 15 17 18 19 
0 1 2 8 14 15 17 18 19 
0 1 3 8 14 15 17 18 19 
0 2 3 8 14 15 17 18 19 
1 4 5 8 14 15 17 18 19 
1 5 6 8 14 15 17 18 19 
1 2 7 8 14 15 17 18 19 
1 4 7 8 14 15 17 18 19 
2 5 7 8 14 15 17 18 19 
4 5 7 8 14 15 17 18 19 
1 2 3 14 15 16 17 18 19 
1 2 4 5 6 7 14 16 20 
1 4 5 6 7 8 14 16 20 
1 4 5 7 8 14 15 16 20 
0 1 2 4 6 7 14 17 20 
0 1 2 5 6 7 14 17 20 
1 2 4 5 6 7 16 17 20 
1 4 5 6 7 8 16 17 20 
0 1 2 4 7 14 16 17 20 
0 1 4 6 7 14 16 17 20 
0 2 4 6 7 14 16 17 20 
1 2 4 6 7 14 16 17 20 
1 2 5 6 7 14 16 17 20 
0 1 3 4 7 15 16 17 20 
1 2 4 5 7 15 16 17 20 
0 1 2 3 4 6 14 18 20 
0 1 2 4 6 7 14 18 20 
0 1 3 4 6 7 14 18 20 
0 2 3 4 6 7 14 18 20 
0 1 2 5 6 7 14 18 20 
1 2 4 5 6 7 14 18 20 
0 1 2 4 7 8 14 18 20 
0 2 3 4 7 8 14 18 20 
1 4 5 6 7 8 14 18 20 
1 4 5 7 8 14 15 18 20 
0 2 3 5 7 14 16 18 20 
1 4 5 6 8 14 16 18 20 
2 3 5 7 8 14 16 18 20 
2 3 4 5 6 15 16 18 20 
0 2 3 6 7 15 16 18 20 
0 2 4 6 7 15 16 18 20 
0 3 4 6 7 15 16 18 20 
2 3 4 5 8 15 16 18 20 
0 1 3 7 8 15 16 18 20 
1 3 4 7 8 15 16 18 20 
1 4 5 7 8 15 16 18 20 
1 4 5 6 14 15 16 18 20 
3 4 5 6 14 15 16 18 20 
1 4 5 8 14 15 16 18 20 
3 4 5 8 14 15 16 18 20 
1 5 7 8 14 15 16 18 20 
0 1 2 4 6 7 17 18 20 
0 1 3 4 6 7 17 18 20 
0 1 2 5 6 7 17 18 20 
1 2 4 5 6 7 17 18 20 
1 4 5 6 7 8 17 18 20 
0 1 2 3 6 14 17 18 20 
0 1 2 5 6 14 17 18 20 
0 1 2 5 7 14 17 18 20 
0 1 5 6 7 14 17 18 20 
0 1 3 4 7 15 17 18 20 
1 2 4 5 7 15 17 18 20 
0 2 4 6 7 16 17 18 20 
0 3 4 6 7 16 17 18 20 
0 2 5 6 7 16 17 18 20 
2 4 5 6 7 16 17 18 20 
1 4 5 6 8 16 17 18 20 
0 1 3 7 8 16 17 18 20 
1 3 4 7 8 16 17 18 20 
1 4 5 7 8 16 17 18 20 
1 5 6 7 8 16 17 18 20 
4 5 6 7 8 16 17 18 20 
0 1 2 3 14 16 17 18 20 
0 2 3 5 14 16 17 18 20 
0 1 2 7 14 16 17 18 20 
0 2 5 7 14 16 17 18 20 
1 2 5 7 14 16 17 18 20 
0 1 3 8 14 16 17 18 20 
0 1 2 3 15 16 17 18 20 
0 2 4 6 15 16 17 18 20 
0 3 4 6 15 16 17 18 20 
1 2 5 6 15 16 17 18 20 
1 4 5 6 15 16 17 18 20 
2 4 5 6 15 16 17 18 20 
0 1 2 7 15 16 17 18 20 
0 1 3 7 15 16 17 18 20 
0 2 4 7 15 16 17 18 20 
0 3 4 7 15 16 17 18 20 
1 3 4 7 15 16 17 18 20 
1 2 5 7 15 16 17 18 20 
1 4 5 7 15 16 17 18 20 
2 4 5 7 15 16 17 18 20 
0 1 2 4 7 8 14 19 20 
1 2 4 5 6 14 16 19 20 
1 2 4 5 7 14 16 19 20 
0 2 3 7 8 14 16 19 20 
2 4 5 7 8 14 16 19 20 
2 3 4 5 6 15 16 19 20 
1 2 4 5 7 15 16 19 20 
0 2 3 6 7 15 16 19 20 
0 2 4 6 7 15 16 19 20 
2 3 4 5 8 15 16 19 20 
1 4 5 6 14 15 16 19 20 
1 4 5 7 14 15 16 19 20 
1 4 7 8 14 15 16 19 20 
4 5 7 8 14 15 16 19 20 
1 2 4 5 6 16 17 19 20 
0 1 2 4 7 16 17 19 20 
0 1 2 3 14 16 17 19 20 
0 1 2 3 15 16 17 19 20 
1 2 4 5 15 16 17 19 20 
0 2 4 6 15 16 17 19 20 
1 2 5 6 15 16 17 19 20 
1 4 5 6 15 16 17 19 20 
2 4 5 6 15 16 17 19 20 
0 1 2 7 15 16 17 19 20 
0 1 4 7 15 16 17 19 20 
0 2 4 7 15 16 17 19 20 
1 2 4 7 15 16 17 19 20 
0 1 2 3 4 6 18 19 20 
0 2 3 4 6 7 18 19 20 
0 1 2 4 7 8 18 19 20 
0 1 3 4 7 8 18 19 20 
1 2 3 4 6 14 18 19 20 
1 2 4 5 6 14 18 19 20 
2 3 4 5 6 14 18 19 20 
1 2 4 5 7 14 18 19 20 
0 1 2 7 8 14 18 19 20 
0 2 3 7 8 14 18 19 20 
1 2 4 7 8 14 18 19 20 
2 4 5 7 8 14 18 19 20 
2 3 4 5 6 15 18 19 20 
0 1 3 4 7 15 18 19 20 
1 2 4 5 7 15 18 19 20 
0 2 3 6 7 15 18 19 20 
0 2 4 6 7 15 18 19 20 
0 3 4 6 7 15 18 19 20 
2 3 4 5 8 15 18 19 20 
0 1 3 7 8 15 18 19 20 
1 3 4 7 8 15 18 19 20 
1 4 5 7 14 15 18 19 20 
1 4 7 8 14 15 18 19 20 
4 5 7 8 14 15 18 19 20 
2 3 4 6 7 16 18 19 20 
2 3 4 7 8 16 18 19 20 
2 4 5 7 8 16 18 19 20 
0 1 2 3 14 16 18 19 20 
0 1 2 7 14 16 18 19 20 
0 2 3 7 14 16 18 19 20 
1 2 5 7 14 16 18 19 20 
0 1 3 8 14 16 18 19 20 
2 3 5 8 14 16 18 19 20 
0 1 7 8 14 16 18 19 20 
0 3 7 8 14 16 18 19 20 
2 3 7 8 14 16 18 19 20 
2 5 7 8 14 16 18 19 20 
0 1 2 3 15 16 18 19 20 
2 3 4 6 15 16 18 19 20 
0 1 2 7 15 16 18 19 20 
0 2 3 7 15 16 18 19 20 
1 2 5 7 15 16 18 19 20 
2 4 5 7 15 16 18 19 20 
2 3 6 7 15 16 18 19 20 
2 4 6 7 15 16 18 19 20 
3 4 6 7 15 16 18 19 20 
0 1 3 8 15 16 18 19 20 
2 3 4 8 15 16 18 19 20 
2 3 5 8 15 16 18 19 20 
2 4 5 8 15 16 18 19 20 
0 1 7 8 15 16 18 19 20 
0 3 7 8 15 16 18 19 20 
3 4 7 8 15 16 18 19 20 
4 5 7 8 15 16 18 19 20 
1 2 5 14 15 16 18 19 20 
2 3 5 14 15 16 18 19 20 
1 5 7 14 15 16 18 19 20 
1 3 8 14 15 16 18 19 20 
3 5 8 14 15 16 18 19 20 
1 7 8 14 15 16 18 19 20 
5 7 8 14 15 16 18 19 20 
0 1 2 3 6 17 18 19 20 
0 1 2 4 6 17 18 19 20 
0 1 3 4 6 17 18 19 20 
1 2 4 5 6 17 18 19 20 
0 1 2 4 7 17 18 19 20 
0 1 2 3 15 17 18 19 20 
0 1 3 4 15 17 18 19 20 
1 2 4 5 15 17 18 19 20 
0 2 3 6 15 17 18 19 20 
0 2 4 6 15 17 18 19 20 
0 3 4 6 15 17 18 19 20 
1 3 4 6 15 17 18 19 20 
1 2 5 6 15 17 18 19 20 
1 4 5 6 15 17 18 19 20 
2 4 5 6 15 17 18 19 20 
0 1 2 7 15 17 18 19 20 
0 1 4 7 15 17 18 19 20 
0 2 4 7 15 17 18 19 20 
1 2 4 7 15 17 18 19 20 
1 2 3 14 16 17 18 19 20 
1 2 3 15 16 17 18 19 20 
1 2 14 15 16 17 18 19 20 
2 3 14 15 16 17 18 19 20 
0 1 2 3 4 6 8 14 21 
0 1 2 4 6 7 8 14 21 
0 1 3 4 6 7 8 14 21 
0 1 2 5 6 7 8 14 21 
1 2 4 5 6 7 8 14 21 
2 3 4 6 7 8 15 16 21 
0 1 2 4 6 7 8 17 21 
0 1 2 5 6 7 8 17 21 
1 2 4 5 6 7 8 17 21 
0 1 2 4 6 7 14 17 21 
0 1 2 5 6 7 14 17 21 
1 2 4 5 6 7 14 17 21 
0 1 2 4 7 8 14 17 21 
1 2 4 5 7 8 14 17 21 
1 4 5 6 7 8 14 17 21 
0 2 5 6 7 8 15 17 21 
2 4 5 6 7 8 16 17 21 
2 4 5 7 8 14 16 17 21 
0 1 3 7 8 15 16 17 21 
2 5 6 7 8 15 16 17 21 
2 5 7 8 14 15 16 17 21 
0 1 2 3 4 6 8 18 21 
0 1 3 4 6 7 8 18 21 
0 2 3 4 6 7 8 18 21 
0 2 3 5 6 7 8 18 21 
0 1 2 3 4 8 14 18 21 
0 1 2 3 6 8 14 18 21 
1 2 3 4 6 8 14 18 21 
0 1 2 5 6 8 14 18 21 
0 2 3 5 6 8 14 18 21 
1 2 4 5 6 8 14 18 21 
2 3 4 5 6 8 14 18 21 
0 1 2 5 7 8 14 18 21 
0 2 3 5 7 8 14 18 21 
0 1 3 6 7 8 14 18 21 
1 3 4 6 7 8 14 18 21 
0 1 5 6 7 8 14 18 21 
0 3 5 6 7 8 14 18 21 
1 4 5 6 8 14 15 18 21 
2 3 4 5 6 8 16 18 21 
2 3 5 6 7 8 16 18 21 
0 2 3 5 7 14 16 18 21 
0 2 3 7 8 14 16 18 21 
2 3 5 7 8 14 16 18 21 
2 3 4 5 6 15 16 18 21 
0 2 3 5 7 15 16 18 21 
2 3 5 6 7 15 16 18 21 
2 3 4 5 8 15 16 18 21 
2 3 4 6 8 15 16 18 21 
2 4 5 6 8 15 16 18 21 
0 2 3 7 8 15 16 18 21 
2 3 6 7 8 15 16 18 21 
3 4 6 7 8 15 16 18 21 
2 5 6 7 8 15 16 18 21 
3 4 5 6 14 15 16 18 21 
0 2 3 8 14 15 16 18 21 
2 3 5 8 14 15 16 18 21 
3 4 5 8 14 15 16 18 21 
4 5 6 8 14 15 16 18 21 
2 5 7 8 14 15 16 18 21 
0 1 2 4 6 8 17 18 21 
0 1 2 5 6 8 17 18 21 
1 2 4 5 6 8 17 18 21 
0 1 2 5 7 8 17 18 21 
0 1 4 6 7 8 17 18 21 
0 1 5 6 7 8 17 18 21 
0 1 2 5 6 14 17 18 21 
1 2 4 5 6 14 17 18 21 
0 1 2 5 7 14 17 18 21 
0 1 5 6 7 14 17 18 21 
0 3 5 6 7 14 17 18 21 
1 2 4 5 8 14 17 18 21 
0 1 2 7 8 14 17 18 21 
1 2 5 7 8 14 17 18 21 
0 1 3 6 7 15 17 18 21 
0 1 3 7 8 15 17 18 21 
0 2 5 7 8 15 17 18 21 
0 2 3 8 14 15 17 18 21 
2 5 7 8 14 15 17 18 21 
0 2 3 5 14 16 17 18 21 
0 2 5 7 14 16 17 18 21 
0 3 5 7 14 16 17 18 21 
0 2 7 8 14 16 17 18 21 
0 3 7 8 14 16 17 18 21 
0 2 3 5 15 16 17 18 21 
0 2 5 7 15 16 17 18 21 
0 3 5 7 15 16 17 18 21 
3 5 6 7 15 16 17 18 21 
0 2 7 8 15 16 17 18 21 
0 3 7 8 15 16 17 18 21 
5 6 7 8 15 16 17 18 21 
0 2 3 14 15 16 17 18 21 
2 5 7 14 15 16 17 18 21 
0 2 8 14 15 16 17 18 21 
0 3 8 14 15 16 17 18 21 
1 3 8 14 15 16 17 18 21 
1 6 8 14 15 16 17 18 21 
5 6 8 14 15 16 17 18 21 
2 7 8 14 15 16 17 18 21 
5 7 8 14 15 16 17 18 21 
0 1 3 4 6 7 15 19 21 
2 3 4 6 7 8 15 19 21 
0 2 5 6 7 8 15 19 21 
1 4 5 6 8 14 15 19 21 
2 3 4 5 6 15 16 19 21 
2 3 4 6 7 15 16 19 21 
2 3 4 5 8 15 16 19 21 
2 4 5 6 8 15 16 19 21 
0 2 3 7 8 15 16 19 21 
2 3 4 7 8 15 16 19 21 
2 4 6 7 8 15 16 19 21 
0 2 3 8 14 15 16 19 21 
2 3 5 8 14 15 16 19 21 
1 4 6 8 14 15 16 19 21 
4 5 6 8 14 15 16 19 21 
0 1 2 3 4 6 17 19 21 
0 2 4 6 7 8 17 19 21 
0 1 2 3 6 14 17 19 21 
1 2 3 4 6 14 17 19 21 
0 2 3 5 6 14 17 19 21 
0 1 2 4 8 14 17 19 21 
1 4 5 6 8 14 17 19 21 
0 1 3 4 6 15 17 19 21 
0 1 4 6 7 15 17 19 21 
0 3 5 6 7 15 17 19 21 
0 2 5 6 8 15 17 19 21 
0 2 6 7 8 15 17 19 21 
1 4 6 7 8 15 17 19 21 
0 5 6 7 8 15 17 19 21 
0 2 3 8 14 15 17 19 21 
0 2 4 6 7 16 17 19 21 
2 4 5 6 8 16 17 19 21 
0 1 4 7 8 16 17 19 21 
2 4 6 7 8 16 17 19 21 
2 4 5 8 14 16 17 19 21 
4 5 6 8 14 16 17 19 21 
0 1 4 7 15 16 17 19 21 
0 2 6 7 15 16 17 19 21 
0 4 6 7 15 16 17 19 21 
0 1 3 8 15 16 17 19 21 
1 4 6 8 15 16 17 19 21 
2 5 6 8 15 16 17 19 21 
0 1 7 8 15 16 17 19 21 
0 2 7 8 15 16 17 19 21 
1 4 7 8 15 16 17 19 21 
2 6 7 8 15 16 17 19 21 
4 6 7 8 15 16 17 19 21 
0 2 3 14 15 16 17 19 21 
0 2 8 14 15 16 17 19 21 
0 3 8 14 15 16 17 19 21 
1 3 8 14 15 16 17 19 21 
2 5 8 14 15 16 17 19 21 
1 6 8 14 15 16 17 19 21 
5 6 8 14 15 16 17 19 21 
0 1 2 3 4 6 18 19 21 
0 1 3 4 6 7 18 19 21 
0 2 3 4 6 7 18 19 21 
0 2 3 5 6 7 18 19 21 
0 1 3 4 7 8 18 19 21 
0 2 4 6 7 8 18 19 21 
2 3 4 6 7 8 18 19 21 
0 2 5 6 7 8 18 19 21 
0 1 2 3 6 14 18 19 21 
1 2 3 4 6 14 18 19 21 
0 2 3 5 6 14 18 19 21 
2 3 4 5 6 14 18 19 21 
2 3 4 5 6 15 18 19 21 
0 2 3 5 7 15 18 19 21 
0 1 3 6 7 15 18 19 21 
1 3 4 6 7 15 18 19 21 
2 3 5 6 7 15 18 19 21 
2 3 4 5 8 15 18 19 21 
2 3 4 6 8 15 18 19 21 
1 4 5 6 8 15 18 19 21 
2 4 5 6 8 15 18 19 21 
0 1 3 7 8 15 18 19 21 
0 2 3 7 8 15 18 19 21 
1 3 4 7 8 15 18 19 21 
0 2 5 7 8 15 18 19 21 
2 3 6 7 8 15 18 19 21 
1 4 6 7 8 15 18 19 21 
3 4 6 7 8 15 18 19 21 
2 5 6 7 8 15 18 19 21 
2 3 5 8 14 15 18 19 21 
1 4 5 8 14 15 18 19 21 
1 5 6 8 14 15 18 19 21 
0 1 2 4 6 17 18 19 21 
0 1 4 6 7 17 18 19 21 
0 3 5 6 7 17 18 19 21 
0 1 2 4 8 17 18 19 21 
0 2 4 6 8 17 18 19 21 
0 2 5 6 8 17 18 19 21 
1 4 5 6 8 17 18 19 21 
2 4 5 6 8 17 18 19 21 
0 1 4 7 8 17 18 19 21 
0 4 6 7 8 17 18 19 21 
1 4 6 7 8 17 18 19 21 
0 5 6 7 8 17 18 19 21 
0 2 3 5 14 17 18 19 21 
0 1 2 6 14 17 18 19 21 
0 1 3 6 14 17 18 19 21 
1 2 4 6 14 17 18 19 21 
0 2 5 6 14 17 18 19 21 
0 3 5 6 14 17 18 19 21 
1 4 5 6 14 17 18 19 21 
2 4 5 6 14 17 18 19 21 
0 1 2 8 14 17 18 19 21 
0 1 3 8 14 17 18 19 21 
0 2 3 8 14 17 18 19 21 
1 2 4 8 14 17 18 19 21 
1 4 5 8 14 17 18 19 21 
2 4 5 8 14 17 18 19 21 
1 5 6 8 14 17 18 19 21 
0 2 3 5 15 17 18 19 21 
0 1 3 6 15 17 18 19 21 
0 3 5 7 15 17 18 19 21 
0 1 6 7 15 17 18 19 21 
0 3 6 7 15 17 18 19 21 
3 5 6 7 15 17 18 19 21 
0 1 3 8 15 17 18 19 21 
0 2 3 8 15 17 18 19 21 
0 2 5 8 15 17 18 19 21 
0 1 7 8 15 17 18 19 21 
0 5 7 8 15 17 18 19 21 
1 6 7 8 15 17 18 19 21 
5 6 7 8 15 17 18 19 21 
1 3 8 14 15 17 18 19 21 
2 3 8 14 15 17 18 19 21 
2 5 8 14 15 17 18 19 21 
1 6 8 14 15 17 18 19 21 
5 6 8 14 15 17 18 19 21 
1 3 14 15 16 17 18 19 21 
0 2 3 5 7 14 16 20 21 
0 2 3 7 8 14 16 20 21 
2 3 5 7 8 14 16 20 21 
0 1 3 7 8 15 16 20 21 
1 3 4 7 8 15 16 20 21 
1 3 4 6 14 15 16 20 21 
3 4 5 6 14 15 16 20 21 
1 3 4 8 14 15 16 20 21 
3 4 5 8 14 15 16 20 21 
0 2 3 4 7 8 18 20 21 
0 1 2 3 4 14 18 20 21 
0 1 2 4 8 14 18 20 21 
0 1 3 4 8 14 18 20 21 
0 2 3 4 8 14 18 20 21 
2 3 4 5 8 14 18 20 21 
1 3 4 6 14 15 18 20 21 
1 4 5 6 14 15 18 20 21 
3 4 5 6 14 15 18 20 21 
1 3 4 8 14 15 18 20 21 
3 4 5 8 14 15 18 20 21 
0 1 3 4 7 8 19 20 21 
2 3 4 5 6 14 19 20 21 
0 1 2 4 8 14 19 20 21 
0 1 3 4 7 15 19 20 21 
0 3 4 6 7 15 19 20 21 
0 1 3 7 8 15 19 20 21 
1 3 4 7 8 15 19 20 21 
1 4 5 6 14 15 19 20 21 
2 3 4 5 6 16 19 20 21 
2 3 4 5 8 16 19 20 21 
0 2 3 7 8 16 19 20 21 
2 3 4 7 8 16 19 20 21 
0 1 3 8 14 16 19 20 21 
0 2 3 8 14 16 19 20 21 
2 3 5 8 14 16 19 20 21 
0 2 7 8 14 16 19 20 21 
2 3 5 6 15 16 19 20 21 
3 4 5 6 15 16 19 20 21 
0 1 4 7 15 16 19 20 21 
0 3 6 7 15 16 19 20 21 
0 4 6 7 15 16 19 20 21 
3 4 6 7 15 16 19 20 21 
0 1 3 8 15 16 19 20 21 
3 4 5 8 15 16 19 20 21 
0 1 7 8 15 16 19 20 21 
0 3 7 8 15 16 19 20 21 
1 4 7 8 15 16 19 20 21 
3 4 7 8 15 16 19 20 21 
1 4 6 14 15 16 19 20 21 
4 5 6 14 15 16 19 20 21 
1 3 8 14 15 16 19 20 21 
1 4 8 14 15 16 19 20 21 
3 5 8 14 15 16 19 20 21 
4 5 8 14 15 16 19 20 21 
0 1 3 15 16 17 19 20 21 
0 1 4 15 16 17 19 20 21 
0 1 2 3 4 18 19 20 21 
0 2 3 4 7 18 19 20 21 
0 1 2 4 8 18 19 20 21 
0 1 3 4 8 18 19 20 21 
2 3 4 5 8 18 19 20 21 
0 2 3 7 8 18 19 20 21 
0 2 4 7 8 18 19 20 21 
0 3 4 7 8 18 19 20 21 
2 3 4 7 8 18 19 20 21 
0 1 2 3 14 18 19 20 21 
1 2 3 4 14 18 19 20 21 
2 3 4 5 14 18 19 20 21 
1 3 4 6 14 18 19 20 21 
1 4 5 6 14 18 19 20 21 
3 4 5 6 14 18 19 20 21 
0 1 2 8 14 18 19 20 21 
0 1 3 8 14 18 19 20 21 
0 2 3 8 14 18 19 20 21 
1 2 4 8 14 18 19 20 21 
2 3 5 8 14 18 19 20 21 
2 4 5 8 14 18 19 20 21 
1 3 4 6 15 18 19 20 21 
1 4 5 6 15 18 19 20 21 
3 4 5 6 15 18 19 20 21 
1 3 4 8 15 18 19 20 21 
3 4 5 8 15 18 19 20 21 
1 4 5 14 15 18 19 20 21 
1 5 6 14 15 18 19 20 21 
1 3 8 14 15 18 19 20 21 
1 4 8 14 15 18 19 20 21 
3 5 8 14 15 18 19 20 21 
4 5 8 14 15 18 19 20 21 
1 3 14 15 16 18 19 20 21 
1 3 15 16 17 18 19 20 21 
3 14 15 16 17 18 19 20 21 
0 2 3 4 6 7 8 14 22 
0 2 3 5 6 7 8 14 22 
2 3 4 5 6 7 8 14 22 
2 3 4 5 6 7 8 16 22 
0 2 3 5 6 7 15 16 22 
0 1 2 4 7 8 14 17 22 
0 1 3 4 6 7 15 17 22 
0 1 2 4 7 14 16 17 22 
0 1 4 6 7 14 16 17 22 
0 2 4 6 7 14 16 17 22 
2 4 5 6 7 14 16 17 22 
1 4 6 7 8 14 16 17 22 
1 5 6 7 8 14 16 17 22 
4 5 6 7 8 14 16 17 22 
0 2 3 5 6 15 16 17 22 
0 1 3 4 7 15 16 17 22 
0 3 4 6 7 15 16 17 22 
0 2 5 6 7 15 16 17 22 
0 3 5 6 7 15 16 17 22 
1 3 4 7 8 15 16 17 22 
1 2 5 6 14 15 16 17 22 
0 2 3 5 6 7 14 18 22 
2 3 4 5 6 7 14 18 22 
0 1 3 4 7 8 14 18 22 
2 3 4 5 7 8 14 18 22 
3 4 5 6 7 8 14 18 22 
0 2 3 5 6 7 16 18 22 
2 3 4 5 6 7 16 18 22 
2 3 4 5 7 8 16 18 22 
3 4 5 6 7 8 16 18 22 
1 4 6 8 14 15 16 18 22 
0 2 3 5 6 14 17 18 22 
0 3 5 6 7 14 17 18 22 
1 3 4 6 7 15 17 18 22 
1 3 4 7 8 15 17 18 22 
1 4 6 7 8 15 17 18 22 
1 2 5 6 14 15 17 18 22 
0 2 3 5 6 16 17 18 22 
0 3 5 6 7 16 17 18 22 
1 5 6 7 8 16 17 18 22 
0 3 5 7 14 16 17 18 22 
1 5 6 8 14 16 17 18 22 
0 1 7 8 14 16 17 18 22 
0 3 7 8 14 16 17 18 22 
1 5 7 8 14 16 17 18 22 
0 2 3 6 15 16 17 18 22 
1 2 5 6 15 16 17 18 22 
2 3 5 6 15 16 17 18 22 
3 4 6 7 15 16 17 18 22 
1 3 4 8 15 16 17 18 22 
1 4 6 8 15 16 17 18 22 
3 4 7 8 15 16 17 18 22 
4 6 7 8 15 16 17 18 22 
1 2 5 14 15 16 17 18 22 
1 5 6 14 15 16 17 18 22 
0 1 2 4 7 8 14 19 22 
0 2 3 5 6 7 15 19 22 
0 2 3 6 7 15 16 19 22 
1 2 5 6 14 15 16 19 22 
0 1 2 3 4 6 17 19 22 
0 1 2 4 7 8 17 19 22 
1 2 3 4 6 14 17 19 22 
0 1 2 4 8 14 17 19 22 
0 1 2 7 8 14 17 19 22 
1 2 4 7 8 14 17 19 22 
0 2 3 5 6 15 17 19 22 
0 1 2 4 7 16 17 19 22 
0 1 4 7 8 16 17 19 22 
1 2 4 6 14 16 17 19 22 
2 4 5 6 14 16 17 19 22 
0 1 2 7 14 16 17 19 22 
1 2 4 7 14 16 17 19 22 
0 1 3 8 14 16 17 19 22 
1 4 6 8 14 16 17 19 22 
0 1 7 8 14 16 17 19 22 
0 2 7 8 14 16 17 19 22 
1 4 7 8 14 16 17 19 22 
2 4 7 8 14 16 17 19 22 
1 2 6 14 15 16 17 19 22 
2 5 6 14 15 16 17 19 22 
1 2 5 6 14 15 18 19 22 
1 2 3 6 14 17 18 19 22 
2 3 5 6 14 17 18 19 22 
2 3 5 6 15 17 18 19 22 
1 2 6 14 15 17 18 19 22 
2 5 6 14 15 17 18 19 22 
0 1 2 3 4 6 14 20 22 
0 1 3 4 6 7 14 20 22 
0 2 3 4 6 7 14 20 22 
0 2 3 4 7 8 14 20 22 
0 1 2 4 7 14 16 20 22 
0 1 4 6 7 14 16 20 22 
0 2 4 6 7 14 16 20 22 
2 4 5 6 7 14 16 20 22 
2 4 5 7 8 14 16 20 22 
1 4 6 7 8 14 16 20 22 
1 5 6 7 8 14 16 20 22 
4 5 6 7 8 14 16 20 22 
0 1 3 4 7 15 16 20 22 
0 3 4 6 7 15 16 20 22 
1 3 4 6 14 15 16 20 22 
1 3 4 8 14 15 16 20 22 
0 1 3 4 6 7 17 20 22 
0 1 2 3 6 14 17 20 22 
0 1 2 4 6 14 17 20 22 
0 2 5 6 7 14 17 20 22 
0 1 3 4 7 16 17 20 22 
0 1 4 6 7 16 17 20 22 
0 3 4 6 7 16 17 20 22 
0 2 5 6 7 16 17 20 22 
0 1 3 7 8 16 17 20 22 
1 3 4 7 8 16 17 20 22 
1 4 6 7 8 16 17 20 22 
0 1 2 4 14 16 17 20 22 
0 2 3 5 14 16 17 20 22 
0 1 4 6 14 16 17 20 22 
0 2 4 6 14 16 17 20 22 
1 2 4 6 14 16 17 20 22 
1 2 5 6 14 16 17 20 22 
0 2 5 7 14 16 17 20 22 
0 1 6 7 14 16 17 20 22 
0 2 6 7 14 16 17 20 22 
1 5 6 7 14 16 17 20 22 
2 5 6 7 14 16 17 20 22 
0 1 3 8 14 16 17 20 22 
0 1 3 4 15 16 17 20 22 
0 3 4 6 15 16 17 20 22 
0 1 3 4 7 8 18 20 22 
2 3 4 5 6 14 18 20 22 
0 1 3 4 7 14 18 20 22 
0 2 3 5 7 14 18 20 22 
0 1 3 6 7 14 18 20 22 
0 2 3 6 7 14 18 20 22 
1 3 4 6 7 14 18 20 22 
2 3 4 6 7 14 18 20 22 
0 2 5 6 7 14 18 20 22 
2 4 5 6 7 14 18 20 22 
0 1 3 4 8 14 18 20 22 
2 3 4 5 8 14 18 20 22 
0 1 4 7 8 14 18 20 22 
0 3 4 7 8 14 18 20 22 
2 3 4 7 8 14 18 20 22 
2 3 5 7 8 14 18 20 22 
2 4 5 7 8 14 18 20 22 
1 4 6 7 8 14 18 20 22 
1 5 6 7 8 14 18 20 22 
4 5 6 7 8 14 18 20 22 
1 3 4 6 14 15 18 20 22 
1 3 4 8 14 15 18 20 22 
2 3 4 5 6 16 18 20 22 
0 2 3 5 7 16 18 20 22 
0 2 3 6 7 16 18 20 22 
2 3 4 6 7 16 18 20 22 
0 2 5 6 7 16 18 20 22 
2 4 5 6 7 16 18 20 22 
2 3 4 5 8 16 18 20 22 
2 3 4 7 8 16 18 20 22 
2 3 5 7 8 16 18 20 22 
2 4 5 7 8 16 18 20 22 
1 5 6 7 8 16 18 20 22 
4 5 6 7 8 16 18 20 22 
3 4 5 6 14 16 18 20 22 
0 3 5 7 14 16 18 20 22 
3 4 5 8 14 16 18 20 22 
1 4 6 8 14 16 18 20 22 
1 5 6 8 14 16 18 20 22 
4 5 6 8 14 16 18 20 22 
0 1 7 8 14 16 18 20 22 
0 3 7 8 14 16 18 20 22 
1 5 7 8 14 16 18 20 22 
3 5 7 8 14 16 18 20 22 
0 2 3 6 15 16 18 20 22 
1 2 5 6 15 16 18 20 22 
2 3 5 6 15 16 18 20 22 
1 3 4 8 15 16 18 20 22 
1 2 5 14 15 16 18 20 22 
2 3 5 14 15 16 18 20 22 
1 4 6 14 15 16 18 20 22 
3 4 6 14 15 16 18 20 22 
1 5 6 14 15 16 18 20 22 
3 5 6 14 15 16 18 20 22 
1 3 8 14 15 16 18 20 22 
1 4 8 14 15 16 18 20 22 
3 4 8 14 15 16 18 20 22 
0 1 3 6 7 17 18 20 22 
1 3 4 6 7 17 18 20 22 
0 1 3 7 8 17 18 20 22 
1 3 4 7 8 17 18 20 22 
1 4 6 7 8 17 18 20 22 
0 2 3 5 14 17 18 20 22 
0 1 3 6 14 17 18 20 22 
0 2 3 6 14 17 18 20 22 
1 2 3 6 14 17 18 20 22 
0 2 5 6 14 17 18 20 22 
1 2 5 6 14 17 18 20 22 
0 1 6 7 14 17 18 20 22 
0 5 6 7 14 17 18 20 22 
1 5 6 7 14 17 18 20 22 
0 1 3 8 14 17 18 20 22 
0 2 3 6 15 17 18 20 22 
1 3 4 6 15 17 18 20 22 
0 2 3 5 16 17 18 20 22 
0 2 5 6 16 17 18 20 22 
1 2 5 6 16 17 18 20 22 
0 3 6 7 16 17 18 20 22 
3 4 6 7 16 17 18 20 22 
0 5 6 7 16 17 18 20 22 
1 5 6 7 16 17 18 20 22 
1 3 4 8 16 17 18 20 22 
1 4 6 8 16 17 18 20 22 
0 1 7 8 16 17 18 20 22 
0 3 7 8 16 17 18 20 22 
3 4 7 8 16 17 18 20 22 
1 6 7 8 16 17 18 20 22 
4 6 7 8 16 17 18 20 22 
1 2 5 14 16 17 18 20 22 
0 3 5 14 16 17 18 20 22 
2 3 5 14 16 17 18 20 22 
0 1 7 14 16 17 18 20 22 
0 5 7 14 16 17 18 20 22 
1 5 7 14 16 17 18 20 22 
0 1 8 14 16 17 18 20 22 
0 3 8 14 16 17 18 20 22 
1 3 8 14 16 17 18 20 22 
0 2 3 15 16 17 18 20 22 
1 3 4 15 16 17 18 20 22 
0 2 6 15 16 17 18 20 22 
1 2 6 15 16 17 18 20 22 
0 3 6 15 16 17 18 20 22 
1 4 6 15 16 17 18 20 22 
3 4 6 15 16 17 18 20 22 
1 2 14 15 16 17 18 20 22 
2 3 14 15 16 17 18 20 22 
0 1 2 3 4 6 19 20 22 
0 2 3 4 6 7 19 20 22 
1 2 3 4 6 14 19 20 22 
0 1 2 4 7 14 19 20 22 
0 1 4 7 8 14 19 20 22 
0 2 4 7 8 14 19 20 22 
0 1 2 4 7 16 19 20 22 
0 2 3 6 7 16 19 20 22 
0 2 4 6 7 16 19 20 22 
2 3 4 6 7 16 19 20 22 
1 2 4 6 14 16 19 20 22 
1 2 5 6 14 16 19 20 22 
2 4 5 6 14 16 19 20 22 
0 1 2 7 14 16 19 20 22 
1 2 4 7 14 16 19 20 22 
2 4 5 8 14 16 19 20 22 
0 1 7 8 14 16 19 20 22 
1 4 7 8 14 16 19 20 22 
2 4 7 8 14 16 19 20 22 
0 2 3 6 15 16 19 20 22 
1 2 5 6 15 16 19 20 22 
1 2 5 14 15 16 19 20 22 
2 3 5 14 15 16 19 20 22 
1 5 6 14 15 16 19 20 22 
0 1 2 3 6 17 19 20 22 
0 1 2 4 6 17 19 20 22 
0 1 3 4 6 17 19 20 22 
0 1 2 3 14 17 19 20 22 
0 1 3 4 15 17 19 20 22 
0 2 3 6 15 17 19 20 22 
0 3 4 6 15 17 19 20 22 
1 3 4 6 15 17 19 20 22 
0 1 2 4 16 17 19 20 22 
0 2 4 6 16 17 19 20 22 
1 2 4 6 16 17 19 20 22 
0 1 2 14 16 17 19 20 22 
0 1 3 14 16 17 19 20 22 
0 2 3 14 16 17 19 20 22 
0 2 3 15 16 17 19 20 22 
0 2 6 15 16 17 19 20 22 
1 2 6 15 16 17 19 20 22 
0 4 6 15 16 17 19 20 22 
1 4 6 15 16 17 19 20 22 
1 2 14 15 16 17 19 20 22 
2 3 14 15 16 17 19 20 22 
1 2 3 6 14 18 19 20 22 
1 2 5 6 14 18 19 20 22 
2 3 5 6 14 18 19 20 22 
1 2 5 6 15 18 19 20 22 
2 3 5 6 15 18 19 20 22 
1 2 5 14 15 18 19 20 22 
2 3 5 14 15 18 19 20 22 
1 5 6 14 15 18 19 20 22 
1 2 3 6 17 18 19 20 22 
1 2 3 14 17 18 19 20 22 
1 2 6 15 17 18 19 20 22 
1 3 6 15 17 18 19 20 22 
2 3 6 15 17 18 19 20 22 
1 2 14 15 17 18 19 20 22 
2 3 14 15 17 18 19 20 22 
1 3 14 16 17 18 19 20 22 
1 14 15 16 17 18 19 20 22 
0 2 3 4 6 7 8 21 22 
0 2 3 5 6 7 8 21 22 
0 1 2 3 4 6 14 21 22 
0 1 3 4 6 7 14 21 22 
0 2 3 4 6 8 14 21 22 
0 2 3 5 6 8 14 21 22 
2 3 4 5 6 8 14 21 22 
0 1 3 4 7 8 14 21 22 
0 2 3 5 7 8 14 21 22 
0 2 4 6 7 8 14 21 22 
0 3 4 6 7 8 14 21 22 
0 2 5 6 7 8 14 21 22 
0 3 5 6 7 8 14 21 22 
2 4 5 6 7 8 14 21 22 
0 1 3 4 6 7 15 21 22 
2 3 4 5 6 8 16 21 22 
2 3 4 6 7 8 16 21 22 
2 3 5 6 7 8 16 21 22 
2 4 5 6 7 8 16 21 22 
2 4 5 7 8 14 16 21 22 
0 2 3 5 7 15 16 21 22 
2 3 5 6 7 15 16 21 22 
1 3 4 7 8 15 16 21 22 
1 3 4 6 14 15 16 21 22 
1 3 4 8 14 15 16 21 22 
1 4 6 8 14 15 16 21 22 
0 1 2 3 4 6 17 21 22 
0 1 2 3 6 14 17 21 22 
0 1 2 4 6 14 17 21 22 
1 2 3 4 6 14 17 21 22 
0 2 3 5 6 14 17 21 22 
0 1 4 6 7 14 17 21 22 
0 2 4 6 7 14 17 21 22 
0 2 5 6 7 14 17 21 22 
0 3 5 6 7 14 17 21 22 
2 4 5 6 7 14 17 21 22 
0 1 4 7 8 14 17 21 22 
0 2 4 7 8 14 17 21 22 
1 4 6 7 8 14 17 21 22 
1 5 6 7 8 14 17 21 22 
4 5 6 7 8 14 17 21 22 
0 1 3 4 6 15 17 21 22 
0 1 3 6 7 15 17 21 22 
0 1 4 6 7 15 17 21 22 
0 2 5 6 7 15 17 21 22 
0 3 5 6 7 15 17 21 22 
1 4 6 7 8 15 17 21 22 
0 2 4 6 7 16 17 21 22 
2 4 5 6 7 16 17 21 22 
0 1 3 7 8 16 17 21 22 
0 1 4 7 8 16 17 21 22 
4 5 6 7 8 16 17 21 22 
0 2 3 5 14 16 17 21 22 
0 2 5 7 14 16 17 21 22 
0 3 5 7 14 16 17 21 22 
2 4 5 7 14 16 17 21 22 
4 5 6 8 14 16 17 21 22 
0 2 7 8 14 16 17 21 22 
0 3 7 8 14 16 17 21 22 
2 4 7 8 14 16 17 21 22 
4 5 7 8 14 16 17 21 22 
0 2 3 5 15 16 17 21 22 
0 1 3 7 15 16 17 21 22 
0 1 4 7 15 16 17 21 22 
0 2 5 7 15 16 17 21 22 
0 3 5 7 15 16 17 21 22 
0 2 6 7 15 16 17 21 22 
0 4 6 7 15 16 17 21 22 
2 5 6 7 15 16 17 21 22 
3 5 6 7 15 16 17 21 22 
1 4 6 8 15 16 17 21 22 
1 3 7 8 15 16 17 21 22 
1 4 7 8 15 16 17 21 22 
4 6 7 8 15 16 17 21 22 
0 1 3 6 7 14 18 21 22 
1 3 4 6 7 14 18 21 22 
3 4 5 6 8 14 18 21 22 
0 1 3 7 8 14 18 21 22 
1 3 4 7 8 14 18 21 22 
1 4 6 7 8 14 18 21 22 
3 4 6 7 8 14 18 21 22 
1 5 6 7 8 14 18 21 22 
3 5 6 7 8 14 18 21 22 
1 3 4 6 7 15 18 21 22 
1 3 4 7 8 15 18 21 22 
1 4 6 7 8 15 18 21 22 
1 3 4 6 14 15 18 21 22 
1 3 4 8 14 15 18 21 22 
1 4 6 8 14 15 18 21 22 
3 4 5 6 8 16 18 21 22 
3 4 6 7 8 16 18 21 22 
3 5 6 7 8 16 18 21 22 
3 4 5 6 14 16 18 21 22 
3 4 5 8 14 16 18 21 22 
4 5 6 8 14 16 18 21 22 
3 5 7 8 14 16 18 21 22 
3 4 6 7 15 16 18 21 22 
3 4 7 8 15 16 18 21 22 
4 6 7 8 15 16 18 21 22 
2 3 5 14 15 16 18 21 22 
3 4 6 14 15 16 18 21 22 
3 5 6 14 15 16 18 21 22 
1 3 8 14 15 16 18 21 22 
3 4 8 14 15 16 18 21 22 
1 6 8 14 15 16 18 21 22 
4 6 8 14 15 16 18 21 22 
0 1 3 6 7 17 18 21 22 
0 1 3 7 8 17 18 21 22 
1 5 6 7 8 17 18 21 22 
0 1 3 6 14 17 18 21 22 
0 1 6 7 14 17 18 21 22 
0 3 6 7 14 17 18 21 22 
1 5 6 7 14 17 18 21 22 
3 5 6 7 14 17 18 21 22 
0 1 3 8 14 17 18 21 22 
1 5 6 8 14 17 18 21 22 
0 1 7 8 14 17 18 21 22 
0 3 7 8 14 17 18 21 22 
1 5 7 8 14 17 18 21 22 
1 3 6 7 15 17 18 21 22 
1 3 7 8 15 17 18 21 22 
1 6 7 8 15 17 18 21 22 
3 5 6 7 16 17 18 21 22 
5 6 7 8 16 17 18 21 22 
2 3 5 14 16 17 18 21 22 
3 5 7 14 16 17 18 21 22 
1 3 8 14 16 17 18 21 22 
1 6 8 14 16 17 18 21 22 
5 6 8 14 16 17 18 21 22 
3 7 8 14 16 17 18 21 22 
5 7 8 14 16 17 18 21 22 
2 3 5 15 16 17 18 21 22 
3 5 6 15 16 17 18 21 22 
3 6 7 15 16 17 18 21 22 
1 3 8 15 16 17 18 21 22 
1 6 8 15 16 17 18 21 22 
3 7 8 15 16 17 18 21 22 
6 7 8 15 16 17 18 21 22 
2 3 14 15 16 17 18 21 22 
2 5 14 15 16 17 18 21 22 
1 6 14 15 16 17 18 21 22 
5 6 14 15 16 17 18 21 22 
0 2 3 4 6 7 19 21 22 
0 2 3 5 6 7 19 21 22 
0 2 3 5 7 15 19 21 22 
0 2 5 6 7 15 19 21 22 
0 3 5 6 7 15 19 21 22 
2 3 5 6 7 15 19 21 22 
0 2 4 6 7 16 19 21 22 
2 3 4 6 7 16 19 21 22 
0 1 4 7 8 16 19 21 22 
0 1 3 8 14 16 19 21 22 
2 4 5 8 14 16 19 21 22 
1 4 6 8 14 16 19 21 22 
0 2 7 8 14 16 19 21 22 
0 2 3 7 15 16 19 21 22 
0 2 6 7 15 16 19 21 22 
0 3 6 7 15 16 19 21 22 
2 3 6 7 15 16 19 21 22 
2 3 5 14 15 16 19 21 22 
0 1 2 3 4 17 19 21 22 
0 2 3 4 6 17 19 21 22 
0 2 3 5 6 17 19 21 22 
0 2 4 7 8 17 19 21 22 
0 1 2 3 14 17 19 21 22 
0 1 2 4 14 17 19 21 22 
1 2 3 4 14 17 19 21 22 
1 3 4 6 14 17 19 21 22 
2 3 4 6 14 17 19 21 22 
2 3 5 6 14 17 19 21 22 
2 4 5 6 14 17 19 21 22 
0 1 3 8 14 17 19 21 22 
0 1 4 8 14 17 19 21 22 
0 2 4 8 14 17 19 21 22 
1 4 6 8 14 17 19 21 22 
0 1 3 4 15 17 19 21 22 
0 2 3 5 15 17 19 21 22 
0 3 4 6 15 17 19 21 22 
1 3 4 6 15 17 19 21 22 
0 2 5 6 15 17 19 21 22 
0 3 5 6 15 17 19 21 22 
0 2 4 6 16 17 19 21 22 
2 4 5 6 16 17 19 21 22 
0 2 4 7 16 17 19 21 22 
0 1 3 8 16 17 19 21 22 
0 1 4 8 16 17 19 21 22 
1 4 6 8 16 17 19 21 22 
0 2 7 8 16 17 19 21 22 
0 4 7 8 16 17 19 21 22 
2 4 7 8 16 17 19 21 22 
0 2 3 14 16 17 19 21 22 
2 4 5 14 16 17 19 21 22 
4 5 6 14 16 17 19 21 22 
0 2 8 14 16 17 19 21 22 
0 3 8 14 16 17 19 21 22 
1 3 8 14 16 17 19 21 22 
2 4 8 14 16 17 19 21 22 
1 6 8 14 16 17 19 21 22 
4 6 8 14 16 17 19 21 22 
0 2 3 15 16 17 19 21 22 
0 2 6 15 16 17 19 21 22 
0 4 6 15 16 17 19 21 22 
1 4 6 15 16 17 19 21 22 
2 5 6 15 16 17 19 21 22 
2 3 14 15 16 17 19 21 22 
2 5 14 15 16 17 19 21 22 
1 6 14 15 16 17 19 21 22 
5 6 14 15 16 17 19 21 22 
2 3 5 14 15 18 19 21 22 
2 3 5 14 17 18 19 21 22 
1 3 6 14 17 18 19 21 22 
3 5 6 14 17 18 19 21 22 
2 3 5 15 17 18 19 21 22 
1 3 6 15 17 18 19 21 22 
3 5 6 15 17 18 19 21 22 
2 3 14 15 17 18 19 21 22 
2 5 14 15 17 18 19 21 22 
1 6 14 15 17 18 19 21 22 
5 6 14 15 17 18 19 21 22 
1 3 14 16 17 18 19 21 22 
1 14 15 16 17 18 19 21 22 
0 1 3 4 7 8 20 21 22 
0 2 3 4 7 8 20 21 22 
0 1 2 3 4 14 20 21 22 
2 3 4 5 6 14 20 21 22 
0 2 3 5 7 14 20 21 22 
0 1 3 4 8 14 20 21 22 
0 2 3 4 8 14 20 21 22 
2 3 4 5 8 14 20 21 22 
0 2 3 7 8 14 20 21 22 
2 3 5 7 8 14 20 21 22 
0 1 3 4 7 15 20 21 22 
0 3 4 6 7 15 20 21 22 
2 3 4 5 6 16 20 21 22 
0 2 3 5 7 16 20 21 22 
2 3 4 5 8 16 20 21 22 
0 1 3 7 8 16 20 21 22 
1 3 4 7 8 16 20 21 22 
2 3 4 7 8 16 20 21 22 
2 3 5 7 8 16 20 21 22 
0 2 3 5 14 16 20 21 22 
1 3 4 6 14 16 20 21 22 
3 4 5 6 14 16 20 21 22 
0 2 5 7 14 16 20 21 22 
0 3 5 7 14 16 20 21 22 
0 1 3 8 14 16 20 21 22 
1 3 4 8 14 16 20 21 22 
3 4 5 8 14 16 20 21 22 
0 3 7 8 14 16 20 21 22 
2 5 7 8 14 16 20 21 22 
3 5 7 8 14 16 20 21 22 
1 3 4 6 15 16 20 21 22 
2 3 5 6 15 16 20 21 22 
0 1 3 7 15 16 20 21 22 
0 1 4 7 15 16 20 21 22 
1 3 4 7 15 16 20 21 22 
0 3 6 7 15 16 20 21 22 
0 4 6 7 15 16 20 21 22 
3 4 6 7 15 16 20 21 22 
1 3 6 14 15 16 20 21 22 
3 5 6 14 15 16 20 21 22 
0 1 3 15 16 17 20 21 22 
0 1 4 15 16 17 20 21 22 
1 3 6 14 15 18 20 21 22 
3 5 6 14 15 18 20 21 22 
1 3 14 15 16 18 20 21 22 
1 3 15 16 17 18 20 21 22 
3 14 15 16 17 18 20 21 22 
0 1 2 3 4 19 20 21 22 
0 2 3 4 7 19 20 21 22 
0 3 4 6 7 19 20 21 22 
0 1 4 7 8 19 20 21 22 
0 2 4 7 8 19 20 21 22 
0 1 2 3 14 19 20 21 22 
0 1 2 4 14 19 20 21 22 
1 2 3 4 14 19 20 21 22 
1 3 4 6 14 19 20 21 22 
2 3 4 6 14 19 20 21 22 
2 3 5 6 14 19 20 21 22 
2 4 5 6 14 19 20 21 22 
0 1 4 8 14 19 20 21 22 
0 2 4 8 14 19 20 21 22 
2 4 5 8 14 19 20 21 22 
0 2 7 8 14 19 20 21 22 
0 1 3 4 15 19 20 21 22 
0 3 4 6 15 19 20 21 22 
1 3 4 6 15 19 20 21 22 
2 3 5 6 15 19 20 21 22 
2 3 4 6 16 19 20 21 22 
2 4 5 6 16 19 20 21 22 
0 2 3 7 16 19 20 21 22 
0 1 4 7 16 19 20 21 22 
2 3 4 7 16 19 20 21 22 
0 3 6 7 16 19 20 21 22 
0 4 6 7 16 19 20 21 22 
3 4 6 7 16 19 20 21 22 
2 4 5 8 16 19 20 21 22 
0 1 7 8 16 19 20 21 22 
1 4 7 8 16 19 20 21 22 
2 4 7 8 16 19 20 21 22 
0 1 3 14 16 19 20 21 22 
0 2 3 14 16 19 20 21 22 
2 3 5 14 16 19 20 21 22 
1 4 6 14 16 19 20 21 22 
4 5 6 14 16 19 20 21 22 
0 2 7 14 16 19 20 21 22 
0 1 8 14 16 19 20 21 22 
1 4 8 14 16 19 20 21 22 
2 5 8 14 16 19 20 21 22 
4 5 8 14 16 19 20 21 22 
0 7 8 14 16 19 20 21 22 
2 7 8 14 16 19 20 21 22 
2 3 5 15 16 19 20 21 22 
0 3 6 15 16 19 20 21 22 
2 3 6 15 16 19 20 21 22 
0 4 6 15 16 19 20 21 22 
1 4 6 15 16 19 20 21 22 
2 5 6 15 16 19 20 21 22 
3 5 14 15 16 19 20 21 22 
1 6 14 15 16 19 20 21 22 
5 6 14 15 16 19 20 21 22 
0 1 3 15 17 19 20 21 22 
0 1 4 15 17 19 20 21 22 
0 1 3 16 17 19 20 21 22 
0 1 4 16 17 19 20 21 22 
0 3 15 16 17 19 20 21 22 
0 4 15 16 17 19 20 21 22 
1 4 15 16 17 19 20 21 22 
3 14 15 16 17 19 20 21 22 
1 3 6 14 18 19 20 21 22 
3 5 6 14 18 19 20 21 22 
1 3 6 15 18 19 20 21 22 
3 5 6 15 18 19 20 21 22 
3 5 14 15 18 19 20 21 22 
1 6 14 15 18 19 20 21 22 
5 6 14 15 18 19 20 21 22 
1 3 14 16 18 19 20 21 22 
1 14 15 16 18 19 20 21 22 
1 3 15 17 18 19 20 21 22 
3 14 15 17 18 19 20 21 22 
1 3 16 17 18 19 20 21 22 
3 14 16 17 18 19 20 21 22 
1 15 16 17 18 19 20 21 22 
