9 1298
0 1 3 4 6 7 8 14 16 
0 1 3 4 6 7 8 15 16 
0 1 2 3 4 5 7 8 17 
0 1 2 3 4 6 7 8 17 
0 1 2 3 5 6 7 8 17 
0 1 2 4 5 6 7 8 17 
1 2 3 4 5 6 7 8 17 
0 1 2 3 4 6 7 14 17 
0 1 2 4 5 6 7 14 17 
1 2 3 4 5 6 7 14 17 
0 1 2 3 4 5 8 14 17 
0 1 2 3 4 6 8 14 17 
0 1 2 3 5 6 8 14 17 
0 1 2 4 5 6 8 14 17 
1 2 3 4 5 6 8 14 17 
0 1 3 4 6 7 8 14 17 
0 2 3 4 6 7 8 14 17 
0 1 4 5 6 7 8 14 17 
0 2 4 5 6 7 8 14 17 
1 3 4 5 6 7 8 14 17 
2 3 4 5 6 7 14 15 17 
0 1 3 4 5 8 14 15 17 
0 2 3 4 5 8 14 15 17 
2 3 4 5 6 8 14 15 17 
2 3 4 6 7 8 14 15 17 
2 4 5 6 7 8 14 15 17 
0 1 3 6 7 8 14 16 17 
0 1 5 6 7 8 14 16 17 
1 3 5 6 7 8 14 16 17 
3 4 5 6 7 8 14 16 17 
0 1 2 3 4 5 14 15 18 
2 3 4 6 7 8 14 15 18 
0 1 3 4 6 8 14 16 18 
2 3 4 6 7 8 14 16 18 
0 1 3 4 6 8 15 16 18 
0 1 3 4 7 8 15 16 18 
0 1 4 5 7 8 15 16 18 
0 1 3 6 7 8 15 16 18 
1 3 4 6 7 8 15 16 18 
2 3 4 6 7 8 15 16 18 
0 1 2 3 4 14 15 16 18 
0 3 4 6 8 14 15 16 18 
2 3 4 6 8 14 15 16 18 
2 3 4 7 8 14 15 16 18 
0 3 6 7 8 14 15 16 18 
2 3 6 7 8 14 15 16 18 
0 1 3 6 7 8 15 17 18 
0 1 5 6 7 8 15 17 18 
0 1 3 4 5 14 15 17 18 
0 1 3 4 8 14 15 17 18 
0 1 3 6 8 14 15 17 18 
2 4 5 7 8 14 15 17 18 
0 3 6 7 8 14 15 17 18 
3 4 6 7 8 14 15 17 18 
0 1 3 6 7 8 16 17 18 
0 1 5 6 7 8 16 17 18 
1 3 5 6 7 8 16 17 18 
3 4 5 6 7 8 16 17 18 
0 1 3 6 7 14 16 17 18 
0 1 3 6 8 14 16 17 18 
3 4 5 7 8 14 16 17 18 
0 3 6 7 8 14 16 17 18 
3 4 6 7 8 14 16 17 18 
4 5 6 7 8 14 16 17 18 
0 1 5 6 7 15 16 17 18 
0 5 6 7 8 15 16 17 18 
0 6 7 8 14 15 16 17 18 
0 2 3 4 6 7 8 14 19 
2 3 4 6 7 8 14 16 19 
0 1 2 3 6 14 15 16 19 
0 2 3 4 8 14 15 16 19 
0 2 3 6 8 14 15 16 19 
0 1 2 3 4 5 7 17 19 
0 1 2 3 5 6 7 17 19 
0 1 3 4 5 7 8 17 19 
0 2 3 4 5 7 8 17 19 
0 1 3 5 6 7 8 17 19 
0 2 3 5 6 7 8 17 19 
2 3 4 5 6 7 8 17 19 
0 1 2 3 4 5 14 17 19 
0 1 2 3 4 7 14 17 19 
0 1 2 4 5 7 14 17 19 
1 2 3 4 5 7 14 17 19 
0 1 2 3 6 7 14 17 19 
0 1 2 5 6 7 14 17 19 
1 2 3 5 6 7 14 17 19 
0 1 3 4 7 8 14 17 19 
0 2 3 4 7 8 14 17 19 
0 1 4 5 7 8 14 17 19 
1 3 4 5 7 8 14 17 19 
0 2 3 6 7 8 14 17 19 
0 1 2 3 5 14 15 17 19 
0 2 3 4 5 14 15 17 19 
0 1 2 3 6 14 15 17 19 
0 2 3 6 8 14 15 17 19 
0 2 6 7 8 14 15 17 19 
0 3 6 7 8 14 15 17 19 
2 3 6 7 8 14 15 17 19 
0 1 2 3 4 5 14 18 19 
0 1 2 3 5 14 15 18 19 
0 2 3 4 5 14 15 18 19 
0 1 2 3 4 14 16 18 19 
0 1 2 3 4 15 16 18 19 
0 1 2 3 14 15 16 18 19 
0 2 3 4 14 15 16 18 19 
0 1 3 6 14 15 16 18 19 
0 3 4 8 14 15 16 18 19 
0 4 5 8 14 15 16 18 19 
2 4 5 8 14 15 16 18 19 
2 3 4 5 7 14 17 18 19 
2 3 4 5 7 15 17 18 19 
2 3 5 6 7 15 17 18 19 
0 1 2 5 14 15 17 18 19 
0 1 3 5 14 15 17 18 19 
1 2 3 5 14 15 17 18 19 
2 3 4 5 14 15 17 18 19 
0 1 3 6 14 15 17 18 19 
2 3 4 7 14 15 17 18 19 
2 3 6 7 14 15 17 18 19 
0 1 3 4 6 7 14 16 20 
0 1 3 4 7 8 14 16 20 
1 3 4 5 7 8 14 16 20 
0 3 4 6 7 8 14 16 20 
0 1 3 4 6 7 15 16 20 
0 3 4 6 7 8 15 16 20 
2 3 4 6 7 8 15 16 20 
2 3 4 7 8 14 15 16 20 
0 2 6 7 8 14 15 16 20 
0 3 6 7 8 14 15 16 20 
2 3 6 7 8 14 15 16 20 
2 3 4 5 6 7 15 17 20 
0 1 3 4 5 8 15 17 20 
0 2 3 4 5 8 15 17 20 
2 3 4 5 6 8 15 17 20 
0 1 3 6 7 8 15 17 20 
2 3 4 6 7 8 15 17 20 
0 1 5 6 7 8 15 17 20 
2 4 5 6 7 8 15 17 20 
0 2 3 4 8 14 15 17 20 
0 2 4 5 8 14 15 17 20 
2 3 4 7 8 14 15 17 20 
0 1 4 5 8 14 16 17 20 
1 3 4 5 8 14 16 17 20 
0 1 3 7 8 14 16 17 20 
0 1 5 7 8 14 16 17 20 
1 3 5 7 8 14 16 17 20 
0 1 5 6 7 15 16 17 20 
0 5 7 8 14 15 16 17 20 
0 1 2 3 4 5 15 18 20 
0 1 3 4 7 8 15 18 20 
0 1 4 5 7 8 15 18 20 
1 3 4 5 7 8 15 18 20 
1 3 5 6 7 8 15 18 20 
3 4 5 6 7 8 15 18 20 
1 2 3 4 5 7 16 18 20 
0 1 3 4 7 8 16 18 20 
0 1 4 5 7 8 16 18 20 
1 3 4 5 7 8 16 18 20 
2 3 4 5 7 14 16 18 20 
0 1 3 6 7 14 16 18 20 
0 1 3 4 8 14 16 18 20 
2 4 5 7 8 14 16 18 20 
3 4 5 7 8 14 16 18 20 
0 1 3 4 7 15 16 18 20 
1 2 3 4 7 15 16 18 20 
0 1 4 5 7 15 16 18 20 
0 1 3 6 7 15 16 18 20 
0 3 4 7 8 15 16 18 20 
0 4 5 7 8 15 16 18 20 
2 3 4 7 14 15 16 18 20 
0 3 6 7 14 15 16 18 20 
2 3 6 7 14 15 16 18 20 
0 3 7 8 14 15 16 18 20 
2 4 7 8 14 15 16 18 20 
3 4 7 8 14 15 16 18 20 
2 5 7 8 14 15 16 18 20 
1 3 5 6 7 8 17 18 20 
3 4 5 6 7 8 17 18 20 
0 1 3 4 5 14 17 18 20 
0 1 3 6 7 14 17 18 20 
0 1 3 4 8 14 17 18 20 
2 4 5 7 8 14 17 18 20 
3 4 5 7 8 14 17 18 20 
0 1 3 4 5 15 17 18 20 
0 1 3 6 7 15 17 18 20 
3 4 5 6 7 15 17 18 20 
0 1 3 4 8 15 17 18 20 
0 1 4 5 8 15 17 18 20 
1 3 4 5 8 15 17 18 20 
1 3 5 6 8 15 17 18 20 
3 4 5 6 8 15 17 18 20 
0 1 3 7 8 15 17 18 20 
0 1 5 7 8 15 17 18 20 
2 4 5 7 8 15 17 18 20 
1 3 6 7 8 15 17 18 20 
3 4 6 7 8 15 17 18 20 
1 5 6 7 8 15 17 18 20 
4 5 6 7 8 15 17 18 20 
0 3 4 5 14 15 17 18 20 
0 3 6 7 14 15 17 18 20 
0 3 4 8 14 15 17 18 20 
0 4 5 8 14 15 17 18 20 
2 4 5 8 14 15 17 18 20 
0 3 7 8 14 15 17 18 20 
2 4 7 8 14 15 17 18 20 
3 4 7 8 14 15 17 18 20 
2 5 7 8 14 15 17 18 20 
0 1 4 5 8 16 17 18 20 
1 3 4 5 8 16 17 18 20 
0 1 3 7 8 16 17 18 20 
0 1 5 7 8 16 17 18 20 
1 3 5 7 8 16 17 18 20 
1 3 4 5 14 16 17 18 20 
0 1 3 7 14 16 17 18 20 
0 1 6 7 14 16 17 18 20 
0 1 3 8 14 16 17 18 20 
0 1 4 8 14 16 17 18 20 
1 3 4 8 14 16 17 18 20 
0 4 5 8 14 16 17 18 20 
3 4 5 8 14 16 17 18 20 
0 3 7 8 14 16 17 18 20 
3 5 7 8 14 16 17 18 20 
0 1 5 7 15 16 17 18 20 
0 1 6 7 15 16 17 18 20 
1 5 6 7 15 16 17 18 20 
0 5 7 8 15 16 17 18 20 
0 1 6 14 15 16 17 18 20 
0 6 7 14 15 16 17 18 20 
0 5 8 14 15 16 17 18 20 
0 7 8 14 15 16 17 18 20 
5 7 8 14 15 16 17 18 20 
0 1 3 4 6 7 14 19 20 
0 1 3 4 7 8 14 19 20 
1 3 4 5 7 8 14 19 20 
0 3 4 6 7 8 14 19 20 
0 2 3 4 8 14 15 19 20 
0 2 4 5 8 14 15 19 20 
0 2 6 7 8 14 15 19 20 
0 3 6 7 8 14 15 19 20 
2 3 6 7 8 14 15 19 20 
2 3 4 6 7 8 16 19 20 
0 1 3 4 6 14 16 19 20 
1 3 4 5 7 14 16 19 20 
2 3 4 5 7 14 16 19 20 
0 1 4 6 7 14 16 19 20 
1 3 4 6 7 14 16 19 20 
0 1 4 5 8 14 16 19 20 
0 3 4 6 8 14 16 19 20 
0 1 4 7 8 14 16 19 20 
2 3 4 7 8 14 16 19 20 
0 1 5 7 8 14 16 19 20 
1 4 5 7 8 14 16 19 20 
2 4 5 7 8 14 16 19 20 
0 2 6 7 8 14 16 19 20 
2 3 6 7 8 14 16 19 20 
0 4 6 7 8 14 16 19 20 
3 4 6 7 8 14 16 19 20 
0 1 2 3 4 15 16 19 20 
0 1 2 3 6 15 16 19 20 
0 2 3 4 8 15 16 19 20 
0 2 4 5 8 15 16 19 20 
0 2 3 6 8 15 16 19 20 
0 2 6 7 14 15 16 19 20 
2 3 4 8 14 15 16 19 20 
0 2 6 8 14 15 16 19 20 
0 3 6 8 14 15 16 19 20 
2 3 6 8 14 15 16 19 20 
2 3 4 5 6 7 17 19 20 
0 1 3 4 5 8 17 19 20 
0 2 3 4 5 8 17 19 20 
0 1 3 5 6 8 17 19 20 
0 2 3 5 6 8 17 19 20 
2 3 4 5 6 8 17 19 20 
0 1 3 6 7 8 17 19 20 
2 3 4 6 7 8 17 19 20 
0 1 5 6 7 8 17 19 20 
0 2 5 6 7 8 17 19 20 
1 3 5 6 7 8 17 19 20 
2 4 5 6 7 8 17 19 20 
3 4 5 6 7 8 17 19 20 
0 1 3 4 5 14 17 19 20 
0 1 3 6 7 14 17 19 20 
0 1 3 4 8 14 17 19 20 
0 2 3 4 8 14 17 19 20 
0 1 4 5 8 14 17 19 20 
0 2 4 5 8 14 17 19 20 
1 3 4 5 8 14 17 19 20 
0 1 3 7 8 14 17 19 20 
2 3 4 7 8 14 17 19 20 
0 1 5 7 8 14 17 19 20 
1 3 5 7 8 14 17 19 20 
2 4 5 7 8 14 17 19 20 
3 4 5 7 8 14 17 19 20 
0 1 2 3 5 15 17 19 20 
0 2 3 4 5 15 17 19 20 
0 1 2 3 6 15 17 19 20 
2 3 4 5 7 15 17 19 20 
2 3 5 6 7 15 17 19 20 
0 2 3 6 8 15 17 19 20 
0 2 6 7 8 15 17 19 20 
0 3 6 7 8 15 17 19 20 
2 3 6 7 8 15 17 19 20 
0 2 3 4 14 15 17 19 20 
0 2 4 5 14 15 17 19 20 
0 3 4 5 14 15 17 19 20 
2 3 4 7 14 15 17 19 20 
0 3 6 7 14 15 17 19 20 
0 2 3 8 14 15 17 19 20 
0 2 7 8 14 15 17 19 20 
0 3 7 8 14 15 17 19 20 
2 3 7 8 14 15 17 19 20 
0 1 2 3 4 5 18 19 20 
0 1 3 4 5 14 18 19 20 
2 3 4 5 7 14 18 19 20 
0 1 2 3 4 15 18 19 20 
0 1 2 3 5 15 18 19 20 
0 2 3 4 5 15 18 19 20 
2 3 4 5 7 15 18 19 20 
2 3 5 6 7 15 18 19 20 
0 3 4 5 14 15 18 19 20 
2 3 4 7 14 15 18 19 20 
2 3 6 7 14 15 18 19 20 
0 3 4 8 14 15 18 19 20 
0 4 5 8 14 15 18 19 20 
2 4 5 8 14 15 18 19 20 
0 1 3 4 14 16 18 19 20 
1 3 4 5 14 16 18 19 20 
2 3 4 5 14 16 18 19 20 
0 1 3 6 14 16 18 19 20 
1 3 6 7 14 16 18 19 20 
2 3 6 7 14 16 18 19 20 
0 3 4 8 14 16 18 19 20 
0 4 5 8 14 16 18 19 20 
2 4 5 8 14 16 18 19 20 
0 1 2 4 15 16 18 19 20 
0 1 3 4 15 16 18 19 20 
1 2 3 4 15 16 18 19 20 
0 2 4 5 15 16 18 19 20 
0 1 3 6 15 16 18 19 20 
0 3 4 8 15 16 18 19 20 
0 4 5 8 15 16 18 19 20 
2 4 5 8 15 16 18 19 20 
2 3 4 14 15 16 18 19 20 
0 1 6 14 15 16 18 19 20 
0 3 6 14 15 16 18 19 20 
2 3 6 14 15 16 18 19 20 
0 3 8 14 15 16 18 19 20 
2 4 8 14 15 16 18 19 20 
3 4 8 14 15 16 18 19 20 
0 5 8 14 15 16 18 19 20 
2 5 8 14 15 16 18 19 20 
0 1 3 5 14 17 18 19 20 
0 1 3 6 14 17 18 19 20 
2 4 5 7 14 17 18 19 20 
3 4 5 7 14 17 18 19 20 
1 3 6 7 14 17 18 19 20 
0 1 2 5 15 17 18 19 20 
0 1 3 5 15 17 18 19 20 
1 2 3 5 15 17 18 19 20 
0 1 3 6 15 17 18 19 20 
1 2 3 6 15 17 18 19 20 
2 3 5 6 15 17 18 19 20 
2 4 5 7 15 17 18 19 20 
3 4 5 7 15 17 18 19 20 
2 5 6 7 15 17 18 19 20 
3 5 6 7 15 17 18 19 20 
0 1 2 14 15 17 18 19 20 
0 2 5 14 15 17 18 19 20 
0 3 5 14 15 17 18 19 20 
2 4 5 14 15 17 18 19 20 
3 4 5 14 15 17 18 19 20 
0 1 6 14 15 17 18 19 20 
0 3 6 14 15 17 18 19 20 
2 4 7 14 15 17 18 19 20 
3 4 7 14 15 17 18 19 20 
2 6 7 14 15 17 18 19 20 
3 6 7 14 15 17 18 19 20 
1 6 14 15 16 17 18 19 20 
2 6 14 15 16 17 18 19 20 
0 1 2 3 4 5 14 15 21 
2 3 4 5 6 7 14 15 21 
0 1 3 4 5 8 14 15 21 
0 2 3 4 5 8 14 15 21 
2 3 4 5 6 8 14 15 21 
2 4 5 6 7 8 14 15 21 
1 3 4 5 7 8 14 16 21 
0 1 4 6 7 8 14 16 21 
1 3 4 6 7 8 14 16 21 
0 1 5 6 7 8 14 16 21 
1 3 5 6 7 8 14 16 21 
3 4 5 6 7 8 14 16 21 
0 1 2 3 5 6 14 17 21 
0 1 3 5 6 8 14 17 21 
0 2 3 5 6 8 14 17 21 
0 2 5 6 7 8 14 17 21 
0 1 3 5 6 8 15 17 21 
0 1 2 3 5 14 15 17 21 
0 1 2 3 6 14 15 17 21 
2 3 4 5 7 14 15 17 21 
2 3 5 6 7 14 15 17 21 
3 4 5 6 7 14 15 17 21 
0 1 3 5 8 14 15 17 21 
0 2 3 5 8 14 15 17 21 
0 1 4 5 8 14 15 17 21 
1 3 4 5 8 14 15 17 21 
0 1 3 6 8 14 15 17 21 
0 2 3 6 8 14 15 17 21 
2 3 5 6 8 14 15 17 21 
3 4 5 6 8 14 15 17 21 
0 2 6 7 8 14 15 17 21 
2 5 6 7 8 14 15 17 21 
4 5 6 7 8 14 15 17 21 
0 1 5 6 7 14 16 17 21 
1 3 5 6 7 14 16 17 21 
3 4 5 6 7 14 16 17 21 
0 1 4 5 8 14 16 17 21 
1 3 4 5 8 14 16 17 21 
0 1 5 6 8 14 16 17 21 
1 3 5 6 8 14 16 17 21 
3 4 5 6 8 14 16 17 21 
0 5 6 7 8 14 16 17 21 
0 5 6 7 8 15 16 17 21 
0 5 7 8 14 15 16 17 21 
0 6 7 8 14 15 16 17 21 
0 1 3 4 6 8 14 18 21 
0 1 3 4 6 8 15 18 21 
1 3 4 6 7 8 15 18 21 
1 3 5 6 7 8 15 18 21 
3 4 5 6 7 8 15 18 21 
0 1 2 4 5 14 15 18 21 
1 2 3 4 5 14 15 18 21 
0 1 3 4 6 14 15 18 21 
2 3 4 6 7 14 15 18 21 
0 1 3 4 8 14 15 18 21 
0 1 3 6 8 14 15 18 21 
0 3 4 6 8 14 15 18 21 
2 4 5 7 8 14 15 18 21 
1 2 3 4 5 7 16 18 21 
1 3 4 5 7 8 16 18 21 
1 3 4 6 7 8 16 18 21 
0 1 5 6 7 8 16 18 21 
1 3 5 6 7 8 16 18 21 
3 4 5 6 7 8 16 18 21 
2 3 4 5 7 14 16 18 21 
2 3 4 6 7 14 16 18 21 
0 1 4 6 8 14 16 18 21 
1 3 4 6 8 14 16 18 21 
2 4 5 7 8 14 16 18 21 
4 5 6 7 8 14 16 18 21 
0 5 6 7 8 15 16 18 21 
0 2 4 8 14 15 16 18 21 
0 4 5 8 14 15 16 18 21 
2 4 5 8 14 15 16 18 21 
2 5 7 8 14 15 16 18 21 
2 3 4 5 7 14 17 18 21 
4 5 6 7 8 14 17 18 21 
2 3 4 5 7 15 17 18 21 
2 3 5 6 7 15 17 18 21 
3 4 5 6 7 15 17 18 21 
0 1 4 5 8 15 17 18 21 
1 3 4 5 8 15 17 18 21 
0 1 5 6 8 15 17 18 21 
1 3 5 6 8 15 17 18 21 
3 4 5 6 8 15 17 18 21 
4 5 6 7 8 15 17 18 21 
0 1 2 5 14 15 17 18 21 
1 2 3 5 14 15 17 18 21 
0 1 4 5 14 15 17 18 21 
1 3 4 5 14 15 17 18 21 
2 3 4 5 14 15 17 18 21 
2 3 4 7 14 15 17 18 21 
2 4 5 7 14 15 17 18 21 
2 3 6 7 14 15 17 18 21 
3 4 6 7 14 15 17 18 21 
0 1 4 8 14 15 17 18 21 
1 3 4 8 14 15 17 18 21 
0 4 5 8 14 15 17 18 21 
0 1 6 8 14 15 17 18 21 
1 3 6 8 14 15 17 18 21 
3 4 6 8 14 15 17 18 21 
4 5 7 8 14 15 17 18 21 
4 6 7 8 14 15 17 18 21 
1 3 5 6 7 16 17 18 21 
3 4 5 6 7 16 17 18 21 
0 1 4 5 8 16 17 18 21 
1 3 4 5 8 16 17 18 21 
0 1 5 6 8 16 17 18 21 
1 3 5 6 8 16 17 18 21 
3 4 5 6 8 16 17 18 21 
1 3 4 5 14 16 17 18 21 
3 4 5 7 14 16 17 18 21 
1 3 6 7 14 16 17 18 21 
3 4 6 7 14 16 17 18 21 
4 5 6 7 14 16 17 18 21 
0 1 4 8 14 16 17 18 21 
1 3 4 8 14 16 17 18 21 
0 4 5 8 14 16 17 18 21 
0 1 6 8 14 16 17 18 21 
1 3 6 8 14 16 17 18 21 
3 4 6 8 14 16 17 18 21 
4 5 6 8 14 16 17 18 21 
5 6 7 8 14 16 17 18 21 
0 1 5 6 15 16 17 18 21 
2 5 6 7 15 16 17 18 21 
0 5 6 8 15 16 17 18 21 
5 6 7 8 15 16 17 18 21 
0 1 6 14 15 16 17 18 21 
0 5 8 14 15 16 17 18 21 
0 6 8 14 15 16 17 18 21 
5 7 8 14 15 16 17 18 21 
6 7 8 14 15 16 17 18 21 
1 2 3 4 5 7 14 19 21 
0 1 2 5 6 7 14 19 21 
1 2 3 5 6 7 14 19 21 
0 1 4 5 7 8 14 19 21 
0 2 4 5 8 14 15 19 21 
1 3 4 5 7 14 16 19 21 
2 3 4 5 7 14 16 19 21 
1 3 4 6 7 14 16 19 21 
2 3 4 6 7 14 16 19 21 
0 1 4 5 8 14 16 19 21 
0 1 4 7 8 14 16 19 21 
0 1 5 7 8 14 16 19 21 
1 4 5 7 8 14 16 19 21 
2 4 5 7 8 14 16 19 21 
0 2 4 5 8 15 16 19 21 
0 2 4 8 14 15 16 19 21 
0 2 5 8 14 15 16 19 21 
0 4 5 8 14 15 16 19 21 
2 4 5 8 14 15 16 19 21 
0 1 2 3 5 6 17 19 21 
0 1 2 5 6 14 17 19 21 
1 2 3 5 6 14 17 19 21 
0 1 5 6 7 14 17 19 21 
0 2 5 6 7 14 17 19 21 
1 3 5 6 7 14 17 19 21 
2 3 5 6 7 14 17 19 21 
0 1 2 4 5 14 18 19 21 
1 2 3 4 5 14 18 19 21 
0 2 4 5 14 15 18 19 21 
0 1 2 4 14 16 18 19 21 
1 3 4 5 14 16 18 19 21 
2 3 4 5 14 16 18 19 21 
1 3 6 7 14 16 18 19 21 
2 3 6 7 14 16 18 19 21 
0 2 4 5 15 16 18 19 21 
0 2 4 14 15 16 18 19 21 
0 4 5 14 15 16 18 19 21 
2 4 5 14 15 16 18 19 21 
2 3 5 6 7 17 18 19 21 
0 1 2 5 14 17 18 19 21 
1 2 3 5 14 17 18 19 21 
2 3 5 7 14 17 18 19 21 
1 3 6 7 14 17 18 19 21 
2 3 6 7 14 17 18 19 21 
1 2 3 14 15 17 18 19 21 
1 3 6 14 15 17 18 19 21 
2 3 6 14 15 17 18 19 21 
1 2 3 4 5 7 16 20 21 
0 1 4 5 7 8 16 20 21 
0 5 7 8 14 15 16 20 21 
0 5 6 7 8 15 17 20 21 
0 5 7 8 14 15 17 20 21 
0 1 5 6 7 16 17 20 21 
0 1 4 5 14 16 17 20 21 
0 1 5 7 14 16 17 20 21 
1 3 5 7 14 16 17 20 21 
0 1 6 7 14 16 17 20 21 
0 5 6 7 15 16 17 20 21 
0 1 6 14 15 16 17 20 21 
0 5 7 14 15 16 17 20 21 
0 6 7 14 15 16 17 20 21 
1 2 3 4 5 16 18 20 21 
2 3 5 7 14 16 18 20 21 
2 5 7 14 15 16 18 20 21 
2 6 7 14 15 16 18 20 21 
1 3 5 6 7 17 18 20 21 
0 1 4 5 14 17 18 20 21 
0 1 2 5 15 17 18 20 21 
0 1 2 14 15 17 18 20 21 
0 2 5 14 15 17 18 20 21 
2 5 7 14 15 17 18 20 21 
2 6 7 14 15 17 18 20 21 
0 1 4 5 16 17 18 20 21 
1 3 5 7 16 17 18 20 21 
1 5 6 7 16 17 18 20 21 
0 1 4 14 16 17 18 20 21 
1 3 5 14 16 17 18 20 21 
0 4 5 14 16 17 18 20 21 
1 4 5 14 16 17 18 20 21 
1 3 7 14 16 17 18 20 21 
3 5 7 14 16 17 18 20 21 
1 6 7 14 16 17 18 20 21 
0 1 5 15 16 17 18 20 21 
2 5 7 15 16 17 18 20 21 
2 6 7 15 16 17 18 20 21 
0 1 14 15 16 17 18 20 21 
0 5 14 15 16 17 18 20 21 
2 6 14 15 16 17 18 20 21 
5 7 14 15 16 17 18 20 21 
6 7 14 15 16 17 18 20 21 
0 1 2 3 5 6 19 20 21 
1 2 3 4 5 7 19 20 21 
0 1 2 5 6 7 19 20 21 
1 2 3 5 6 7 19 20 21 
0 1 4 5 7 8 19 20 21 
1 3 4 5 7 16 19 20 21 
2 3 4 5 7 16 19 20 21 
1 3 4 6 7 16 19 20 21 
2 3 4 6 7 16 19 20 21 
0 1 4 5 8 16 19 20 21 
0 2 4 5 8 16 19 20 21 
0 1 4 7 8 16 19 20 21 
0 1 5 7 8 16 19 20 21 
1 4 5 7 8 16 19 20 21 
2 4 5 7 8 16 19 20 21 
0 1 4 5 14 16 19 20 21 
0 1 5 7 14 16 19 20 21 
1 3 5 7 14 16 19 20 21 
2 3 5 7 14 16 19 20 21 
0 5 7 8 14 16 19 20 21 
0 1 2 3 5 17 19 20 21 
0 1 2 3 6 17 19 20 21 
0 1 3 5 6 17 19 20 21 
0 2 3 5 6 17 19 20 21 
0 1 5 6 7 17 19 20 21 
0 2 5 6 7 17 19 20 21 
1 3 5 6 7 17 19 20 21 
0 1 5 7 14 17 19 20 21 
1 3 5 7 14 17 19 20 21 
0 5 7 8 14 17 19 20 21 
0 1 2 4 5 18 19 20 21 
1 2 3 4 5 18 19 20 21 
2 3 5 6 7 18 19 20 21 
0 1 4 5 14 18 19 20 21 
2 3 5 7 14 18 19 20 21 
0 1 2 14 15 18 19 20 21 
0 2 5 14 15 18 19 20 21 
0 1 2 4 16 18 19 20 21 
1 2 3 4 16 18 19 20 21 
0 2 4 5 16 18 19 20 21 
1 3 4 5 16 18 19 20 21 
2 3 4 5 16 18 19 20 21 
1 3 6 7 16 18 19 20 21 
2 3 6 7 16 18 19 20 21 
0 1 4 14 16 18 19 20 21 
1 3 5 14 16 18 19 20 21 
2 3 5 14 16 18 19 20 21 
0 4 5 14 16 18 19 20 21 
1 4 5 14 16 18 19 20 21 
1 3 7 14 16 18 19 20 21 
2 3 7 14 16 18 19 20 21 
1 6 7 14 16 18 19 20 21 
2 6 7 14 16 18 19 20 21 
0 1 14 15 16 18 19 20 21 
0 5 14 15 16 18 19 20 21 
0 1 2 5 17 18 19 20 21 
1 2 3 5 17 18 19 20 21 
2 3 5 6 17 18 19 20 21 
1 3 6 7 17 18 19 20 21 
2 5 6 7 17 18 19 20 21 
3 5 6 7 17 18 19 20 21 
0 1 2 14 17 18 19 20 21 
0 1 5 14 17 18 19 20 21 
0 2 5 14 17 18 19 20 21 
1 3 5 14 17 18 19 20 21 
1 3 7 14 17 18 19 20 21 
2 5 7 14 17 18 19 20 21 
3 5 7 14 17 18 19 20 21 
1 6 7 14 17 18 19 20 21 
2 6 7 14 17 18 19 20 21 
1 2 14 15 17 18 19 20 21 
1 14 15 16 17 18 19 20 21 
0 1 2 3 4 5 6 7 22 
0 1 2 3 4 5 6 8 22 
0 1 3 4 5 6 7 8 22 
0 2 3 4 5 6 7 8 22 
0 1 2 3 4 6 7 14 22 
0 1 2 4 5 6 7 14 22 
1 2 3 4 5 6 7 14 22 
0 1 2 3 4 5 8 14 22 
0 1 2 3 4 6 8 14 22 
0 1 2 3 5 6 8 14 22 
0 1 2 4 5 6 8 14 22 
1 2 3 4 5 6 8 14 22 
0 1 4 5 6 7 8 14 22 
0 2 4 5 6 7 8 14 22 
1 3 4 5 6 7 8 14 22 
0 1 3 4 6 7 8 15 22 
0 1 4 5 7 8 15 16 22 
0 1 4 6 7 8 15 16 22 
0 1 2 3 4 14 15 16 22 
0 1 2 3 6 14 15 16 22 
0 2 3 4 8 14 15 16 22 
0 2 3 6 8 14 15 16 22 
0 3 4 6 8 14 15 16 22 
2 3 4 6 8 14 15 16 22 
0 2 6 7 8 14 15 16 22 
0 2 4 5 7 8 14 17 22 
0 1 3 5 6 8 15 17 22 
1 3 4 5 7 8 15 18 22 
0 1 5 6 7 8 15 18 22 
0 1 3 4 6 14 15 18 22 
2 4 6 7 8 14 15 18 22 
0 1 3 4 6 14 16 18 22 
2 4 6 7 8 14 16 18 22 
0 1 3 4 6 15 16 18 22 
1 2 3 4 7 15 16 18 22 
1 3 4 6 7 15 16 18 22 
2 3 4 6 7 15 16 18 22 
0 1 5 6 7 15 16 18 22 
0 1 4 5 8 15 16 18 22 
0 1 4 6 8 15 16 18 22 
0 1 5 7 8 15 16 18 22 
1 4 5 7 8 15 16 18 22 
0 1 6 7 8 15 16 18 22 
1 4 6 7 8 15 16 18 22 
2 4 6 7 8 15 16 18 22 
0 1 2 4 14 15 16 18 22 
0 1 3 4 14 15 16 18 22 
1 2 3 4 14 15 16 18 22 
0 1 3 6 14 15 16 18 22 
0 3 4 6 14 15 16 18 22 
2 3 4 6 14 15 16 18 22 
0 2 4 8 14 15 16 18 22 
0 4 6 8 14 15 16 18 22 
2 4 6 8 14 15 16 18 22 
2 6 7 8 14 15 16 18 22 
2 5 6 7 15 16 17 18 22 
0 1 2 3 4 5 7 19 22 
0 1 2 3 5 6 7 19 22 
0 1 3 4 5 7 8 19 22 
0 2 3 4 5 7 8 19 22 
0 2 3 4 6 7 8 19 22 
0 1 3 5 6 7 8 19 22 
0 2 3 5 6 7 8 19 22 
2 3 4 5 6 7 8 19 22 
0 1 2 3 4 7 14 19 22 
0 1 2 4 5 7 14 19 22 
0 1 2 3 6 7 14 19 22 
0 1 3 4 6 7 14 19 22 
0 2 3 4 6 7 14 19 22 
0 2 3 4 6 8 14 19 22 
0 2 4 6 7 8 14 19 22 
0 1 2 3 4 14 16 19 22 
0 1 2 3 6 14 16 19 22 
0 1 3 4 6 14 16 19 22 
0 1 4 6 7 14 16 19 22 
0 2 3 4 8 14 16 19 22 
0 2 3 6 8 14 16 19 22 
0 3 4 6 8 14 16 19 22 
2 3 4 6 8 14 16 19 22 
0 2 6 7 8 14 16 19 22 
0 4 6 7 8 14 16 19 22 
2 4 6 7 8 14 16 19 22 
0 1 2 6 14 15 16 19 22 
1 2 3 6 14 15 16 19 22 
0 2 6 7 14 15 16 19 22 
0 2 5 8 14 15 16 19 22 
0 2 4 5 7 8 17 19 22 
0 2 4 5 7 14 17 19 22 
0 2 4 5 8 14 17 19 22 
0 2 4 7 8 14 17 19 22 
0 4 5 7 8 14 17 19 22 
2 4 5 7 8 14 17 19 22 
0 1 2 6 14 15 17 19 22 
1 2 3 6 14 15 17 19 22 
0 2 6 7 14 15 17 19 22 
1 2 3 4 14 16 18 19 22 
0 1 2 14 15 16 18 19 22 
1 2 3 14 15 16 18 19 22 
1 3 6 14 15 16 18 19 22 
2 3 6 14 15 16 18 19 22 
1 2 3 6 15 17 18 19 22 
1 6 14 15 16 17 18 19 22 
2 6 14 15 16 17 18 19 22 
0 1 2 3 4 5 15 20 22 
0 1 3 4 6 7 15 20 22 
2 3 4 5 6 7 15 20 22 
0 1 3 4 5 8 15 20 22 
0 2 3 4 5 8 15 20 22 
2 3 4 5 6 8 15 20 22 
0 1 3 4 7 8 15 20 22 
0 1 4 5 7 8 15 20 22 
1 3 4 5 7 8 15 20 22 
0 1 3 6 7 8 15 20 22 
0 3 4 6 7 8 15 20 22 
0 1 5 6 7 8 15 20 22 
1 3 5 6 7 8 15 20 22 
2 4 5 6 7 8 15 20 22 
3 4 5 6 7 8 15 20 22 
0 1 2 3 4 15 16 20 22 
0 1 2 3 6 15 16 20 22 
0 1 3 4 6 15 16 20 22 
1 2 3 4 7 15 16 20 22 
0 1 4 5 7 15 16 20 22 
0 1 4 6 7 15 16 20 22 
1 3 4 6 7 15 16 20 22 
2 3 4 6 7 15 16 20 22 
0 1 5 6 7 15 16 20 22 
0 2 3 4 8 15 16 20 22 
0 2 4 5 8 15 16 20 22 
0 2 3 6 8 15 16 20 22 
0 3 4 6 8 15 16 20 22 
2 3 4 6 8 15 16 20 22 
0 4 5 7 8 15 16 20 22 
0 2 6 7 8 15 16 20 22 
0 4 6 7 8 15 16 20 22 
2 4 6 7 8 15 16 20 22 
0 2 7 8 14 15 16 20 22 
2 5 7 8 14 15 16 20 22 
0 1 3 5 6 8 17 20 22 
0 2 3 5 6 8 17 20 22 
0 2 5 6 7 8 17 20 22 
0 1 2 3 5 15 17 20 22 
0 1 2 3 6 15 17 20 22 
0 1 3 5 8 15 17 20 22 
0 2 3 5 8 15 17 20 22 
0 1 3 6 8 15 17 20 22 
0 2 3 6 8 15 17 20 22 
0 1 5 6 8 15 17 20 22 
1 3 5 6 8 15 17 20 22 
2 3 5 6 8 15 17 20 22 
0 2 6 7 8 15 17 20 22 
2 5 6 7 8 15 17 20 22 
0 2 5 8 14 15 17 20 22 
0 2 7 8 14 15 17 20 22 
2 5 7 8 14 15 17 20 22 
0 1 5 6 15 16 17 20 22 
1 2 3 4 5 7 18 20 22 
0 1 2 4 5 15 18 20 22 
1 2 3 4 5 15 18 20 22 
1 2 3 4 7 15 18 20 22 
1 3 4 5 7 15 18 20 22 
2 3 4 5 7 15 18 20 22 
1 3 5 6 7 15 18 20 22 
2 3 5 6 7 15 18 20 22 
2 4 5 7 8 15 18 20 22 
1 2 3 5 7 16 18 20 22 
1 2 4 5 7 16 18 20 22 
2 4 5 7 8 16 18 20 22 
0 1 2 4 15 16 18 20 22 
0 1 4 5 15 16 18 20 22 
0 2 4 5 15 16 18 20 22 
1 2 3 7 15 16 18 20 22 
1 2 4 7 15 16 18 20 22 
1 4 5 7 15 16 18 20 22 
1 3 6 7 15 16 18 20 22 
2 3 6 7 15 16 18 20 22 
1 5 6 7 15 16 18 20 22 
2 4 5 8 15 16 18 20 22 
2 4 7 8 15 16 18 20 22 
2 5 7 8 15 16 18 20 22 
4 5 7 8 15 16 18 20 22 
1 2 3 5 15 17 18 20 22 
1 2 3 6 15 17 18 20 22 
1 3 5 6 15 17 18 20 22 
2 3 5 6 15 17 18 20 22 
2 5 6 7 15 17 18 20 22 
1 5 6 15 16 17 18 20 22 
2 5 7 15 16 17 18 20 22 
2 6 7 15 16 17 18 20 22 
5 6 7 15 16 17 18 20 22 
0 1 2 3 4 5 19 20 22 
0 1 2 3 5 6 19 20 22 
1 2 3 4 5 7 19 20 22 
0 1 3 4 6 7 19 20 22 
0 1 2 5 6 7 19 20 22 
1 2 3 5 6 7 19 20 22 
2 3 4 5 6 7 19 20 22 
0 1 3 4 5 8 19 20 22 
0 2 3 4 5 8 19 20 22 
0 1 3 5 6 8 19 20 22 
0 2 3 5 6 8 19 20 22 
2 3 4 5 6 8 19 20 22 
0 1 3 4 7 8 19 20 22 
0 1 4 5 7 8 19 20 22 
1 3 4 5 7 8 19 20 22 
0 1 3 6 7 8 19 20 22 
0 3 4 6 7 8 19 20 22 
0 1 5 6 7 8 19 20 22 
0 2 5 6 7 8 19 20 22 
1 3 5 6 7 8 19 20 22 
2 4 5 6 7 8 19 20 22 
3 4 5 6 7 8 19 20 22 
0 2 5 8 14 15 19 20 22 
0 1 2 3 4 16 19 20 22 
0 1 2 3 6 16 19 20 22 
0 1 3 4 6 16 19 20 22 
0 1 4 6 7 16 19 20 22 
0 2 3 4 8 16 19 20 22 
0 2 3 6 8 16 19 20 22 
0 3 4 6 8 16 19 20 22 
2 3 4 6 8 16 19 20 22 
0 2 6 7 8 16 19 20 22 
0 4 6 7 8 16 19 20 22 
2 4 6 7 8 16 19 20 22 
0 1 6 7 14 16 19 20 22 
0 2 7 8 14 16 19 20 22 
2 5 7 8 14 16 19 20 22 
0 1 2 6 15 16 19 20 22 
1 2 3 6 15 16 19 20 22 
0 2 6 7 15 16 19 20 22 
0 2 5 8 15 16 19 20 22 
0 1 6 14 15 16 19 20 22 
0 2 7 14 15 16 19 20 22 
0 6 7 14 15 16 19 20 22 
2 6 7 14 15 16 19 20 22 
0 2 8 14 15 16 19 20 22 
0 5 8 14 15 16 19 20 22 
2 5 8 14 15 16 19 20 22 
0 2 5 7 8 17 19 20 22 
0 1 6 7 14 17 19 20 22 
0 2 5 8 14 17 19 20 22 
0 2 7 8 14 17 19 20 22 
2 5 7 8 14 17 19 20 22 
0 1 2 6 15 17 19 20 22 
0 2 6 7 15 17 19 20 22 
0 1 2 14 15 17 19 20 22 
0 1 6 14 15 17 19 20 22 
0 2 7 14 15 17 19 20 22 
0 6 7 14 15 17 19 20 22 
2 6 7 14 15 17 19 20 22 
1 6 14 15 16 17 19 20 22 
2 6 14 15 16 17 19 20 22 
1 2 3 6 15 18 19 20 22 
0 1 2 15 16 18 19 20 22 
1 2 3 15 16 18 19 20 22 
0 2 5 15 16 18 19 20 22 
1 3 6 15 16 18 19 20 22 
2 3 6 15 16 18 19 20 22 
2 5 14 15 16 18 19 20 22 
1 2 3 6 17 18 19 20 22 
1 2 6 15 17 18 19 20 22 
1 6 14 16 17 18 19 20 22 
2 6 14 16 17 18 19 20 22 
1 6 15 16 17 18 19 20 22 
2 6 15 16 17 18 19 20 22 
2 14 15 16 17 18 19 20 22 
0 1 2 3 4 5 14 21 22 
0 1 2 3 5 6 14 21 22 
1 2 3 4 5 7 14 21 22 
0 1 2 5 6 7 14 21 22 
1 2 3 5 6 7 14 21 22 
2 3 4 5 6 7 14 21 22 
0 1 3 4 5 8 14 21 22 
0 2 3 4 5 8 14 21 22 
0 1 3 4 6 8 14 21 22 
0 1 3 5 6 8 14 21 22 
0 2 3 5 6 8 14 21 22 
2 3 4 5 6 8 14 21 22 
0 1 4 5 7 8 14 21 22 
1 3 4 5 7 8 14 21 22 
0 1 4 6 7 8 14 21 22 
1 3 4 6 7 8 14 21 22 
0 1 5 6 7 8 14 21 22 
0 2 5 6 7 8 14 21 22 
1 3 5 6 7 8 14 21 22 
2 4 5 6 7 8 14 21 22 
3 4 5 6 7 8 14 21 22 
0 1 2 3 4 5 15 21 22 
2 3 4 5 6 7 15 21 22 
0 1 3 4 5 8 15 21 22 
0 2 3 4 5 8 15 21 22 
0 1 3 4 6 8 15 21 22 
0 1 3 5 6 8 15 21 22 
2 3 4 5 6 8 15 21 22 
1 3 4 6 7 8 15 21 22 
1 3 5 6 7 8 15 21 22 
2 4 5 6 7 8 15 21 22 
3 4 5 6 7 8 15 21 22 
0 1 2 3 4 14 15 21 22 
0 1 2 3 6 14 15 21 22 
0 1 3 4 6 14 15 21 22 
0 2 3 4 8 14 15 21 22 
0 2 3 6 8 14 15 21 22 
0 3 4 6 8 14 15 21 22 
2 3 4 6 8 14 15 21 22 
0 2 6 7 8 14 15 21 22 
2 4 6 7 8 14 15 21 22 
0 1 4 5 7 8 16 21 22 
0 1 4 6 7 8 16 21 22 
0 1 4 6 7 14 16 21 22 
0 4 6 7 8 14 16 21 22 
0 2 4 5 8 15 16 21 22 
0 2 5 8 14 15 16 21 22 
2 5 7 8 14 15 16 21 22 
0 6 7 8 14 15 16 21 22 
0 2 3 5 6 8 17 21 22 
0 2 5 6 7 8 17 21 22 
0 2 5 7 8 14 17 21 22 
0 1 2 3 5 15 17 21 22 
0 1 2 3 6 15 17 21 22 
0 1 3 5 6 15 17 21 22 
0 2 3 5 8 15 17 21 22 
0 2 3 6 8 15 17 21 22 
0 3 5 6 8 15 17 21 22 
2 3 5 6 8 15 17 21 22 
0 2 6 7 8 15 17 21 22 
2 5 6 7 8 15 17 21 22 
0 1 2 6 14 15 17 21 22 
1 2 3 6 14 15 17 21 22 
0 2 6 7 14 15 17 21 22 
0 2 5 8 14 15 17 21 22 
0 2 7 8 14 15 17 21 22 
2 5 7 8 14 15 17 21 22 
0 1 5 6 15 16 17 21 22 
2 5 6 7 15 16 17 21 22 
1 2 3 4 5 7 18 21 22 
1 3 4 5 7 8 18 21 22 
0 1 5 6 7 8 18 21 22 
0 1 2 4 5 15 18 21 22 
1 2 3 4 5 15 18 21 22 
2 3 4 5 7 15 18 21 22 
1 3 4 6 7 15 18 21 22 
2 3 4 6 7 15 18 21 22 
1 3 5 6 7 15 18 21 22 
2 3 5 6 7 15 18 21 22 
0 1 4 5 8 15 18 21 22 
1 3 4 5 8 15 18 21 22 
0 1 4 6 8 15 18 21 22 
0 1 5 6 8 15 18 21 22 
1 3 4 7 8 15 18 21 22 
1 3 5 7 8 15 18 21 22 
2 4 5 7 8 15 18 21 22 
3 4 5 7 8 15 18 21 22 
1 4 6 7 8 15 18 21 22 
0 5 6 7 8 15 18 21 22 
1 5 6 7 8 15 18 21 22 
0 1 2 4 14 15 18 21 22 
1 2 3 4 14 15 18 21 22 
0 1 4 6 14 15 18 21 22 
1 3 4 6 14 15 18 21 22 
2 3 4 6 14 15 18 21 22 
2 4 6 7 14 15 18 21 22 
0 2 4 8 14 15 18 21 22 
0 4 6 8 14 15 18 21 22 
2 4 7 8 14 15 18 21 22 
4 6 7 8 14 15 18 21 22 
1 2 3 4 7 16 18 21 22 
1 2 3 5 7 16 18 21 22 
1 2 4 5 7 16 18 21 22 
1 3 4 6 7 16 18 21 22 
2 3 4 6 7 16 18 21 22 
0 1 5 6 7 16 18 21 22 
0 1 4 5 8 16 18 21 22 
0 1 4 6 8 16 18 21 22 
0 1 5 7 8 16 18 21 22 
1 4 5 7 8 16 18 21 22 
2 4 5 7 8 16 18 21 22 
0 1 6 7 8 16 18 21 22 
1 4 6 7 8 16 18 21 22 
0 1 2 4 14 16 18 21 22 
0 1 4 6 14 16 18 21 22 
1 3 4 6 14 16 18 21 22 
2 3 4 6 14 16 18 21 22 
2 4 6 7 14 16 18 21 22 
0 2 4 8 14 16 18 21 22 
0 4 6 8 14 16 18 21 22 
2 4 7 8 14 16 18 21 22 
4 6 7 8 14 16 18 21 22 
0 2 4 5 15 16 18 21 22 
0 1 5 6 15 16 18 21 22 
0 5 6 7 15 16 18 21 22 
2 5 6 7 15 16 18 21 22 
0 2 4 8 15 16 18 21 22 
0 4 5 8 15 16 18 21 22 
2 4 5 8 15 16 18 21 22 
0 5 7 8 15 16 18 21 22 
2 5 7 8 15 16 18 21 22 
0 6 7 8 15 16 18 21 22 
0 1 6 14 15 16 18 21 22 
2 6 7 14 15 16 18 21 22 
0 2 8 14 15 16 18 21 22 
0 6 8 14 15 16 18 21 22 
2 7 8 14 15 16 18 21 22 
6 7 8 14 15 16 18 21 22 
1 2 3 5 15 17 18 21 22 
1 3 5 6 15 17 18 21 22 
2 3 5 6 15 17 18 21 22 
2 5 6 7 16 17 18 21 22 
1 5 6 15 16 17 18 21 22 
2 5 6 15 16 17 18 21 22 
1 6 14 15 16 17 18 21 22 
2 6 14 15 16 17 18 21 22 
0 1 2 4 5 14 19 21 22 
1 2 3 4 7 14 19 21 22 
0 1 2 5 7 14 19 21 22 
0 1 4 5 7 14 19 21 22 
1 2 4 5 7 14 19 21 22 
0 1 2 6 7 14 19 21 22 
1 2 3 6 7 14 19 21 22 
1 3 4 6 7 14 19 21 22 
2 3 4 6 7 14 19 21 22 
0 2 4 5 8 14 19 21 22 
0 4 5 7 8 14 19 21 22 
2 4 5 7 8 14 19 21 22 
0 1 2 4 14 16 19 21 22 
1 3 4 6 14 16 19 21 22 
2 3 4 6 14 16 19 21 22 
0 1 4 7 14 16 19 21 22 
1 4 6 7 14 16 19 21 22 
2 4 6 7 14 16 19 21 22 
0 2 4 8 14 16 19 21 22 
0 2 5 8 14 16 19 21 22 
0 4 7 8 14 16 19 21 22 
2 4 7 8 14 16 19 21 22 
2 5 7 8 14 16 19 21 22 
0 2 5 14 15 16 19 21 22 
0 1 2 6 14 17 19 21 22 
1 2 3 6 14 17 19 21 22 
0 2 5 7 14 17 19 21 22 
0 1 6 7 14 17 19 21 22 
0 2 6 7 14 17 19 21 22 
0 5 7 8 14 17 19 21 22 
1 2 3 14 15 17 19 21 22 
1 3 6 14 15 17 19 21 22 
2 3 6 14 15 17 19 21 22 
1 2 3 4 14 18 19 21 22 
0 1 2 14 15 18 19 21 22 
1 2 3 14 15 18 19 21 22 
1 3 6 14 15 18 19 21 22 
2 3 6 14 15 18 19 21 22 
1 2 3 4 16 18 19 21 22 
0 1 2 14 16 18 19 21 22 
1 2 4 14 16 18 19 21 22 
1 3 4 14 16 18 19 21 22 
2 3 4 14 16 18 19 21 22 
1 3 6 14 16 18 19 21 22 
2 3 6 14 16 18 19 21 22 
0 2 5 15 16 18 19 21 22 
0 1 14 15 16 18 19 21 22 
0 2 14 15 16 18 19 21 22 
2 5 14 15 16 18 19 21 22 
1 2 3 15 17 18 19 21 22 
1 3 6 15 17 18 19 21 22 
2 3 6 15 17 18 19 21 22 
1 6 14 15 17 18 19 21 22 
2 6 14 15 17 18 19 21 22 
1 14 15 16 17 18 19 21 22 
0 1 2 3 5 6 20 21 22 
0 1 2 5 6 7 20 21 22 
1 2 3 5 6 7 20 21 22 
0 5 6 7 8 15 20 21 22 
1 2 3 4 7 16 20 21 22 
1 2 3 5 7 16 20 21 22 
0 1 4 5 7 16 20 21 22 
1 2 4 5 7 16 20 21 22 
1 3 4 6 7 16 20 21 22 
2 3 4 6 7 16 20 21 22 
0 1 5 6 7 16 20 21 22 
0 2 4 5 8 16 20 21 22 
0 4 5 7 8 16 20 21 22 
2 4 5 7 8 16 20 21 22 
0 1 6 7 14 16 20 21 22 
0 5 6 7 15 16 20 21 22 
0 5 7 8 15 16 20 21 22 
0 1 6 14 15 16 20 21 22 
2 5 7 14 15 16 20 21 22 
0 6 7 14 15 16 20 21 22 
2 6 7 14 15 16 20 21 22 
0 5 8 14 15 16 20 21 22 
0 7 8 14 15 16 20 21 22 
5 7 8 14 15 16 20 21 22 
0 1 2 3 5 17 20 21 22 
0 1 2 3 6 17 20 21 22 
0 1 3 5 6 17 20 21 22 
0 2 3 5 6 17 20 21 22 
0 2 5 6 7 17 20 21 22 
0 5 6 7 8 17 20 21 22 
0 1 6 7 14 17 20 21 22 
0 1 2 5 15 17 20 21 22 
0 5 6 8 15 17 20 21 22 
0 6 7 8 15 17 20 21 22 
5 6 7 8 15 17 20 21 22 
0 1 2 14 15 17 20 21 22 
0 2 5 14 15 17 20 21 22 
0 1 6 14 15 17 20 21 22 
2 5 7 14 15 17 20 21 22 
0 6 7 14 15 17 20 21 22 
2 6 7 14 15 17 20 21 22 
0 5 8 14 15 17 20 21 22 
0 7 8 14 15 17 20 21 22 
5 7 8 14 15 17 20 21 22 
0 1 5 6 16 17 20 21 22 
0 1 5 15 16 17 20 21 22 
0 1 6 15 16 17 20 21 22 
0 5 6 15 16 17 20 21 22 
2 5 7 15 16 17 20 21 22 
2 6 7 15 16 17 20 21 22 
5 6 7 15 16 17 20 21 22 
1 6 14 15 16 17 20 21 22 
2 6 14 15 16 17 20 21 22 
0 1 2 4 5 18 20 21 22 
1 3 5 6 7 18 20 21 22 
2 3 5 6 7 18 20 21 22 
0 1 2 5 15 18 20 21 22 
0 1 2 4 16 18 20 21 22 
1 2 3 5 16 18 20 21 22 
0 1 4 5 16 18 20 21 22 
0 2 4 5 16 18 20 21 22 
1 2 4 5 16 18 20 21 22 
1 3 5 7 16 18 20 21 22 
2 3 5 7 16 18 20 21 22 
1 3 6 7 16 18 20 21 22 
2 3 6 7 16 18 20 21 22 
1 5 6 7 16 18 20 21 22 
0 1 5 15 16 18 20 21 22 
2 5 14 15 16 18 20 21 22 
1 2 3 5 17 18 20 21 22 
1 3 5 6 17 18 20 21 22 
2 3 5 6 17 18 20 21 22 
2 5 6 7 17 18 20 21 22 
1 2 5 15 17 18 20 21 22 
1 5 6 16 17 18 20 21 22 
2 5 7 16 17 18 20 21 22 
2 6 7 16 17 18 20 21 22 
5 6 7 16 17 18 20 21 22 
1 6 14 16 17 18 20 21 22 
2 6 14 16 17 18 20 21 22 
1 5 15 16 17 18 20 21 22 
2 5 15 16 17 18 20 21 22 
2 14 15 16 17 18 20 21 22 
0 1 2 4 5 19 20 21 22 
1 2 3 4 7 19 20 21 22 
0 1 2 5 7 19 20 21 22 
0 1 4 5 7 19 20 21 22 
1 2 4 5 7 19 20 21 22 
0 1 2 6 7 19 20 21 22 
1 2 3 6 7 19 20 21 22 
1 3 4 6 7 19 20 21 22 
2 3 4 6 7 19 20 21 22 
0 2 4 5 8 19 20 21 22 
0 4 5 7 8 19 20 21 22 
2 4 5 7 8 19 20 21 22 
0 1 2 14 15 19 20 21 22 
0 2 5 14 15 19 20 21 22 
0 1 2 4 16 19 20 21 22 
1 2 3 4 16 19 20 21 22 
1 3 4 6 16 19 20 21 22 
2 3 4 6 16 19 20 21 22 
0 1 4 7 16 19 20 21 22 
1 4 6 7 16 19 20 21 22 
2 4 6 7 16 19 20 21 22 
0 2 4 8 16 19 20 21 22 
0 2 5 8 16 19 20 21 22 
0 4 7 8 16 19 20 21 22 
2 4 7 8 16 19 20 21 22 
2 5 7 8 16 19 20 21 22 
0 1 7 14 16 19 20 21 22 
2 5 7 14 16 19 20 21 22 
1 6 7 14 16 19 20 21 22 
2 6 7 14 16 19 20 21 22 
0 5 8 14 16 19 20 21 22 
0 7 8 14 16 19 20 21 22 
5 7 8 14 16 19 20 21 22 
0 1 14 15 16 19 20 21 22 
0 5 14 15 16 19 20 21 22 
0 1 2 6 17 19 20 21 22 
1 2 3 6 17 19 20 21 22 
0 2 5 7 17 19 20 21 22 
0 1 6 7 17 19 20 21 22 
0 2 6 7 17 19 20 21 22 
0 5 7 8 17 19 20 21 22 
0 1 2 14 17 19 20 21 22 
0 2 5 14 17 19 20 21 22 
0 1 7 14 17 19 20 21 22 
2 5 7 14 17 19 20 21 22 
1 6 7 14 17 19 20 21 22 
2 6 7 14 17 19 20 21 22 
0 5 8 14 17 19 20 21 22 
0 7 8 14 17 19 20 21 22 
5 7 8 14 17 19 20 21 22 
1 2 14 15 17 19 20 21 22 
1 14 15 16 17 19 20 21 22 
0 1 2 15 18 19 20 21 22 
0 2 5 15 18 19 20 21 22 
2 5 14 15 18 19 20 21 22 
0 1 2 16 18 19 20 21 22 
1 2 3 16 18 19 20 21 22 
0 2 5 16 18 19 20 21 22 
1 3 6 16 18 19 20 21 22 
2 3 6 16 18 19 20 21 22 
2 5 14 16 18 19 20 21 22 
1 6 14 16 18 19 20 21 22 
2 6 14 16 18 19 20 21 22 
0 1 15 16 18 19 20 21 22 
0 5 15 16 18 19 20 21 22 
5 14 15 16 18 19 20 21 22 
1 2 3 17 18 19 20 21 22 
1 3 6 17 18 19 20 21 22 
2 3 6 17 18 19 20 21 22 
1 6 14 17 18 19 20 21 22 
2 6 14 17 18 19 20 21 22 
1 2 15 17 18 19 20 21 22 
2 14 15 17 18 19 20 21 22 
1 14 16 17 18 19 20 21 22 
1 15 16 17 18 19 20 21 22 
