5 272
0 6 11 16 24
1 6 11 17 26
1 6 10 17 26
0 6 10 16 24
0 6 10 18 24
1 6 10 18 26
1 4 6 10 18
0 4 6 10 18
0 4 6 7 18
1 4 6 7 18
1 6 11 18 26
0 6 11 18 24
0 5 6 11 18
1 5 6 11 18
1 5 6 7 18
0 5 6 7 18
4 10 14 17 26
4 10 14 16 24
4 10 14 16 25
4 10 14 17 27
4 10 14 21 27
4 10 14 21 25
4 10 14 20 24
4 10 14 20 26
4 10 18 20 26
4 10 18 20 24
4 10 19 21 25
4 10 19 21 27
0 4 10 16 25
0 4 10 19 25
1 4 10 19 27
1 4 10 17 27
1 4 10 17 26
1 4 10 18 26
0 4 10 18 24
0 4 10 16 24
0 5 11 16 24
0 5 11 16 25
0 5 11 18 24
5 11 18 22 24
0 5 11 19 25
5 11 19 23 25
1 5 11 18 26
5 11 18 22 26
1 5 11 19 27
5 11 19 23 27
1 5 11 17 26
1 5 11 17 27
3 12 15 20 24
3 12 18 20 24
3 15 18 20 24
3 15 18 20 26
3 12 18 20 26
3 12 15 20 26
5 15 16 22 24
0 5 13 16 24
0 7 13 16 24
3 7 13 16 24
0 7 12 16 24
3 7 12 16 24
3 12 15 16 24
5 13 15 16 24
3 13 15 16 24
3 13 15 16 25
5 13 15 16 25
3 12 15 16 25
0 3 7 12 16
0 3 7 13 16
0 5 13 16 25
0 3 9 12 16
0 9 12 16 25
0 3 9 13 16
0 9 13 16 25
3 9 13 16 25
3 9 12 16 25
5 15 16 23 25
5 15 16 22 23
0 5 13 19 25
0 9 13 19 25
0 9 12 19 25
0 5 9 13 19
0 5 7 13 18
1 7 12 18 26
1 5 13 18 26
1 7 13 18 26
5 13 18 22 26
3 15 18 22 26
3 7 12 18 26
3 7 13 18 26
3 13 18 22 26
1 5 7 13 18
1 7 12 17 26
1 5 13 17 26
1 7 13 17 26
3 7 12 17 26
3 7 13 17 26
3 13 15 17 26
3 12 15 17 26
5 13 15 17 26
3 13 15 22 26
5 15 17 22 26
5 13 15 22 26
5 13 15 17 27
3 12 15 17 27
3 13 15 17 27
5 15 17 23 27
5 13 15 23 27
3 13 15 23 27
3 9 13 17 27
3 9 12 17 27
5 15 17 22 23
1 3 7 12 17
1 3 7 13 17
1 3 9 13 17
1 3 9 12 17
1 9 12 17 27
1 9 13 17 27
1 5 13 17 27
3 9 13 19 27
3 13 19 23 27
3 15 19 23 27
3 9 12 19 27
5 13 19 23 27
1 5 9 13 19
1 9 13 19 27
1 5 13 19 27
1 9 12 19 27
5 13 15 23 25
3 13 15 23 25
3 9 13 19 25
3 13 19 23 25
3 15 19 23 25
3 9 12 19 25
5 13 19 23 25
3 15 18 22 24
5 13 15 22 24
3 13 15 22 24
3 13 18 22 24
3 7 13 18 24
3 7 12 18 24
5 13 18 22 24
0 5 13 18 24
0 7 12 18 24
0 7 13 18 24
3 12 15 21 27
3 15 19 21 27
3 12 19 21 27
3 15 19 21 25
3 12 19 21 25
3 12 15 21 25
1 4 7 12 18
1 4 9 12 19
0 4 9 12 19
0 4 7 12 18
0 4 12 16 25
4 12 15 16 25
0 4 12 19 25
1 4 12 19 27
4 12 15 17 27
1 4 12 17 27
4 12 15 21 27
4 15 17 21 27
4 12 19 21 27
4 12 19 21 25
4 12 15 21 25
4 15 16 21 25
4 12 15 17 26
1 4 12 17 26
1 4 12 18 26
0 4 12 18 24
4 12 15 16 24
0 4 12 16 24
4 12 15 20 24
4 15 16 20 24
4 12 18 20 24
4 12 18 20 26
4 12 15 20 26
4 15 17 20 26
4 15 17 20 21
4 15 16 20 21
4 14 16 20 21
4 14 17 20 21
4 14 17 20 26
4 14 16 20 24
4 14 16 21 25
4 14 17 21 27
5 14 16 22 24
5 14 16 23 25
5 14 16 22 23
5 14 17 22 26
5 14 17 23 27
5 14 17 22 23
5 11 14 17 27
5 11 14 23 27
5 11 14 17 26
5 11 14 22 26
5 11 14 23 25
5 11 14 16 25
5 11 14 22 24
5 11 14 16 24
0 5 8 9 19
1 5 8 9 19
1 5 8 11 19
0 5 8 11 19
1 8 11 17 27
1 8 11 19 27
0 8 11 19 25
0 8 11 16 25
1 4 8 9 19
0 4 8 9 19
0 4 8 10 19
1 4 8 10 19
0 8 10 16 25
0 8 10 19 25
1 8 10 19 27
1 8 10 17 27
2 11 18 22 24
2 11 19 23 25
2 11 18 22 26
2 11 19 23 27
2 11 14 23 27
2 14 19 23 27
2 11 14 22 26
2 14 18 22 26
2 11 14 23 25
2 14 19 23 25
2 11 14 22 24
2 14 18 22 24
2 14 19 21 27
2 14 19 21 25
2 14 18 20 24
2 14 18 20 26
2 10 18 20 26
2 10 14 20 26
2 10 18 20 24
2 10 14 20 24
2 10 19 21 25
2 10 14 21 25
2 10 19 21 27
2 10 14 21 27
2 10 14 16 25
2 10 14 17 27
2 11 14 17 27
2 11 14 16 25
2 8 11 16 25
2 8 11 19 25
2 8 11 19 27
2 8 11 17 27
2 8 10 17 27
2 8 10 19 27
2 8 10 19 25
2 8 10 16 25
0 2 8 10 16
1 2 8 10 17
1 2 8 11 17
0 2 8 11 16
2 11 14 17 26
2 11 14 16 24
2 10 14 16 24
2 10 14 17 26
2 6 10 17 26
2 6 10 18 26
2 6 10 18 24
2 6 10 16 24
2 6 11 16 24
2 6 11 18 24
2 6 11 18 26
2 6 11 17 26
0 2 6 11 16
1 2 6 11 17
1 2 6 10 17
0 2 6 10 16
