5 14
-0.118152830181439 0.144047427337469 0.0594489229820906 -0.737681067934087 1.0
-1 -1 0.268781424044767 -1 1.0
-0.251146880832771 -0.539073281926243 0.0226052312677768 0.355932295783417 1.0
-1 1 -1 1 1.0
-0.422134458377865 -0.803394020354691 1 1 1.0
0.999999972333757 -0.663050872902933 1 -0.965465478449552 1.0
1 0.365704520767487 -0.92748873223518 -1 1.0
-0.197834666044966 -0.0227470264625344 0.619717474169142 -0.0112888108774043 -1.0
0.117707722033303 -0.417572043524286 -0.246889538817259 -0.295112625021377 -1.0
1 -0.838567667591989 0.694140133162148 -0.437250538236472 -1.0
-1 -1 -0.392070147056445 -0.145871672407473 -1.0
1 -1 -1 1 -1.0
1 1 1 1 -1.0
-1 1 0.139195731757248 -1 -1.0
