69
5 11 5 9 2 6
5 4 5 9 2 0
5 4 5 9 2 6
5 4 13 9 2 0
5 4 13 9 2 6
5 4 11 5 9 0
5 1 4 13 2 0
5 1 4 13 2 6
5 10 5 9 2 0
5 10 1 5 2 0
5 10 1 13 2 0
5 10 1 11 5 0
5 10 1 11 13 0
5 10 1 5 2 6
5 10 1 13 2 6
5 10 13 9 2 6
5 10 11 13 9 6
5 10 1 11 5 6
5 10 1 11 13 6
5 3 1 11 5 6
5 3 11 5 9 6
5 3 4 5 9 6
5 3 4 11 5 9
5 3 1 11 13 6
5 3 1 4 13 6
5 3 4 11 5 0
5 3 1 11 5 0
5 3 11 13 9 6
5 3 4 13 9 6
5 3 4 11 13 9
7 3 1 4 5 2 6 0
5 12 13 9 2 0
5 12 10 9 2 0
5 12 10 13 2 0
5 12 10 13 9 2
5 12 10 11 13 0
5 12 4 13 9 0
5 12 10 11 5 0
5 8 4 11 13 9
5 8 12 4 13 9
5 8 4 11 9 0
5 8 12 11 9 0
5 8 12 4 9 0
5 8 12 11 13 0
5 8 12 4 13 0
5 8 1 11 13 0
5 8 1 4 13 0
5 8 3 1 4 0
5 8 3 4 11 0
5 8 3 1 11 0
5 8 3 4 11 13
5 8 3 1 11 13
5 8 3 1 4 13
5 7 12 10 11 5
5 7 11 5 9 2
5 7 10 5 9 2
5 7 11 5 9 0
5 7 12 11 9 0
5 7 12 11 5 0
5 7 10 5 9 0
5 7 12 10 9 0
5 7 12 10 5 0
5 7 11 9 2 6
5 7 10 9 2 6
5 7 10 11 9 6
5 7 11 5 2 6
5 7 10 5 2 6
5 7 10 11 5 6
7 7 8 12 10 11 13 9
