5 14
0.1177143530994681 0.2965911953643051 -0.1748531057601063 0.3429334998404084 1.0
0.441674776449424 -0.1635519895248954 0.1407256122577432 -0.09149011217330108 1.0
-0.3184203126998505 0.2461371116991107 0.2958977970093574 -0.02166842009833768 1.0
0.1631410808648806 0.2696526823149741 0.3120978103817109 0.2307972604029776 1.0
0.03397580165906667 0.3643743529381029 -0.2978539306850078 -0.1654086206884428 1.0
-0.1428432628738147 -0.3123612183240049 0.2007883952609494 -0.3028370714876869 1.0
-0.04962822474482477 0.07894520379651991 -0.2190971563381642 0.4396602440416157 1.0
0.3314173245682395 0.006619641051422965 0.3712799636380016 0.04764373966582255 -1.0
-0.04789931217310496 0.2682050612841059 -0.1642447991764343 0.3857399991424603 -1.0
0.07077881537696927 0.1758233992193576 0.245189000340325 -0.3923758984607686 -1.0
-0.02654227920824394 0.2384687858812497 0.09612717207744285 0.4280043368508641 -1.0
-0.2078280881215254 0.3142232794636004 0.08071335538481031 0.3186794168022417 -1.0
0.2868515225167867 0.07818978193241671 0.3647743118837982 -0.1689445572395396 -1.0
0.2664506229885678 -0.08620194870448385 0.3686582578935919 0.1888501480947674 -1.0
