5 56
13 0 3 6 1 
13 0 4 3 1 
5 13 0 6 1 
5 13 4 7 1 
5 13 0 4 1 
2 11 3 6 1 
2 11 4 3 6 
2 5 11 6 1 
2 5 11 4 1 
2 5 11 4 6 
10 11 3 6 1 
10 13 3 6 1 
10 13 11 3 6 
10 13 4 3 1 
10 13 4 7 1 
10 2 4 3 1 
10 2 11 3 1 
10 2 11 4 1 
10 2 11 4 3 
12 13 11 3 6 
12 10 13 11 3 
12 5 4 3 6 
12 11 4 3 6 
12 5 11 4 6 
12 5 0 3 6 
12 13 0 3 6 
12 5 13 0 6 
12 5 13 4 7 
12 10 11 4 3 
12 10 13 4 3 
12 10 13 4 7 
12 5 0 4 3 
12 13 0 4 3 
12 5 13 0 4 
9 12 13 11 6 
9 12 5 11 6 
9 12 5 13 6 
9 12 5 13 7 
9 5 11 6 1 
9 10 11 6 1 
9 5 13 6 1 
9 10 13 6 1 
9 12 5 4 7 
9 12 5 11 4 
9 5 11 4 1 
9 10 11 4 1 
9 5 13 7 1 
9 10 13 7 1 
9 12 10 4 7 
9 12 10 11 4 
9 5 4 7 1 
9 10 4 7 1 
8 10 13 11 6 
8 9 13 11 6 
8 9 10 11 6 
8 9 10 13 6 
