0 2 3 5 6
1 3 5 7 9
0 1 2 3 5
0 1 3 5 9
0 1 2 3 4 
0 1 2 5 4 
0 2 6 5 4 
1 2 3 5 4 
2 6 3 5 4 
7 1 3 4 8 
0 9 4 8 10 
0 2 4 8 10 
7 3 4 8 10 
2 3 4 8 10 
0 9 1 5 11 
9 7 1 5 11 
0 9 3 5 11 
9 7 3 5 11 
7 1 3 5 11 
0 9 8 10 12 
0 2 8 10 12 
9 4 8 10 12 
0 6 5 11 12 
0 3 5 11 12 
0 2 8 11 12 
0 6 8 11 12 
2 8 10 11 12 
0 2 6 3 13 
0 6 3 5 13 
0 9 1 4 13 
0 1 3 4 13 
0 2 3 4 13 
0 9 1 8 13 
0 2 6 8 13 
0 1 3 8 13 
2 6 3 8 13 
0 6 5 8 13 
0 3 5 8 13 
6 3 5 8 13 
0 9 4 8 13 
7 1 4 8 13 
0 2 4 8 13 
1 3 4 8 13 
2 3 4 8 13 
9 4 8 12 13 
0 9 1 3 14 
9 7 1 3 14 
0 9 1 8 14 
9 7 1 8 14 
9 7 3 8 14 
0 1 3 8 14 
7 1 3 8 14 
0 6 5 8 14 
0 3 5 8 14 
0 9 3 12 14 
0 6 5 12 14 
0 3 5 12 14 
0 9 8 12 14 
0 6 8 12 14 
9 3 8 12 14 
3 5 8 12 14 
6 8 11 12 14 
0 9 1 4 15 
0 2 6 4 15 
7 1 3 4 15 
2 6 3 4 15 
0 1 5 4 15 
0 6 5 4 15 
1 3 5 4 15 
6 3 5 4 15 
9 7 1 8 15 
0 2 6 8 15 
9 7 3 8 15 
2 6 3 8 15 
6 3 5 8 15 
0 9 4 10 15 
0 2 4 10 15 
7 3 4 10 15 
2 3 4 10 15 
7 3 8 10 15 
2 3 8 10 15 
7 4 8 10 15 
0 9 1 11 15 
9 7 1 11 15 
0 9 3 11 15 
9 7 3 11 15 
7 1 3 11 15 
0 1 5 11 15 
0 6 5 11 15 
1 3 5 11 15 
0 2 8 11 15 
0 6 8 11 15 
2 8 10 11 15 
0 9 3 12 15 
9 3 8 12 15 
3 5 8 12 15 
0 9 10 12 15 
0 2 10 12 15 
9 4 10 12 15 
0 2 11 12 15 
0 3 11 12 15 
6 5 11 12 15 
3 5 11 12 15 
2 10 11 12 15 
9 1 4 13 15 
7 1 4 13 15 
9 1 8 13 15 
7 1 8 13 15 
7 4 8 13 15 
9 4 12 13 15 
9 8 12 13 15 
6 5 8 14 15 
6 8 11 14 15 
6 5 12 14 15 
5 8 12 14 15 
6 11 12 14 15 
