5 122
0 3 4 14 15 
0 4 5 14 15 
0 1 5 6 16 
1 2 5 6 16 
0 4 5 14 16 
1 7 14 15 16 
0 1 4 5 17 
1 2 4 5 17 
0 1 4 14 17 
1 2 4 14 17 
0 1 6 14 17 
1 2 7 14 17 
2 3 14 15 17 
2 7 14 15 17 
0 1 5 16 17 
1 2 5 16 17 
0 4 5 16 17 
2 4 5 16 17 
0 1 6 16 17 
1 2 7 16 17 
2 3 14 16 17 
0 4 14 16 17 
2 4 14 16 17 
0 6 14 16 17 
1 6 14 16 17 
1 7 14 16 17 
2 3 15 16 17 
2 7 15 16 17 
7 14 15 16 17 
0 2 5 6 18 
0 1 6 7 18 
0 2 6 7 18 
1 2 6 7 18 
2 4 5 16 18 
1 2 6 16 18 
0 5 6 16 18 
2 5 6 16 18 
1 2 7 16 18 
2 3 14 16 18 
2 4 14 16 18 
3 14 15 17 18 
3 14 16 17 18 
3 15 16 17 18 
0 1 2 7 19 
2 3 4 14 19 
0 1 2 15 19 
2 3 4 15 19 
0 2 5 15 19 
2 4 5 15 19 
0 1 6 15 19 
1 2 7 15 19 
3 4 14 15 19 
0 5 14 15 19 
4 5 14 15 19 
0 6 14 15 19 
0 5 14 16 19 
4 5 14 16 19 
0 6 14 16 19 
2 3 15 16 19 
1 6 15 16 19 
1 7 15 16 19 
2 7 15 16 19 
0 2 5 18 19 
2 4 5 18 19 
0 1 6 18 19 
0 1 7 18 19 
0 2 7 18 19 
2 3 14 18 19 
2 4 14 18 19 
3 14 15 18 19 
2 3 16 18 19 
0 5 16 18 19 
4 5 16 18 19 
0 6 16 18 19 
1 6 16 18 19 
1 7 16 18 19 
2 7 16 18 19 
4 14 16 18 19 
3 15 16 18 19 
0 2 3 4 20 
0 2 4 5 20 
0 2 3 14 20 
0 1 6 14 20 
0 3 4 15 20 
2 3 4 15 20 
0 2 5 15 20 
0 4 5 15 20 
2 4 5 15 20 
0 3 14 15 20 
2 3 14 15 20 
0 6 14 15 20 
2 7 14 15 20 
6 14 15 19 20 
6 14 16 19 20 
6 15 16 19 20 
0 1 2 3 21 
0 1 3 4 21 
1 2 3 4 21 
0 2 3 14 21 
0 1 4 14 21 
1 2 4 14 21 
0 3 4 14 21 
2 3 4 14 21 
1 2 7 14 21 
0 1 2 15 21 
0 1 6 15 21 
1 2 7 15 21 
1 7 14 15 21 
1 6 14 16 21 
1 6 15 16 21 
1 14 15 16 21 
0 1 6 20 21 
0 1 14 20 21 
0 2 14 20 21 
1 6 14 20 21 
2 7 14 20 21 
0 2 15 20 21 
0 6 15 20 21 
2 7 15 20 21 
7 14 15 20 21 
6 14 16 20 21 
6 15 16 20 21 
