5 122
1 2 4 5 14 
0 1 4 5 15 
0 2 4 5 15 
1 4 5 14 15 
2 4 5 14 15 
0 3 14 15 16 
0 7 14 15 16 
0 1 5 6 17 
1 2 5 6 17 
0 1 2 7 17 
0 1 6 7 17 
1 2 6 7 17 
0 1 2 14 17 
0 2 3 14 17 
2 3 4 14 17 
0 1 5 14 17 
1 2 5 14 17 
0 5 6 14 17 
2 5 6 14 17 
0 6 7 14 17 
2 6 7 16 17 
0 3 14 16 17 
2 4 14 16 17 
2 6 14 16 17 
0 7 14 16 17 
6 7 14 16 17 
3 14 15 16 17 
0 2 5 6 18 
0 2 6 7 18 
0 5 6 16 18 
0 6 7 16 18 
2 6 7 16 18 
0 2 3 17 18 
2 3 4 17 18 
0 2 7 17 18 
3 4 14 17 18 
3 14 15 17 18 
0 3 16 17 18 
2 4 16 17 18 
0 7 16 17 18 
2 7 16 17 18 
4 14 16 17 18 
3 15 16 17 18 
2 5 6 14 19 
0 2 3 15 19 
2 3 4 15 19 
0 1 5 15 19 
0 2 5 15 19 
2 4 14 15 19 
3 4 14 15 19 
2 5 14 15 19 
5 6 14 15 19 
0 1 5 16 19 
2 4 14 16 19 
2 6 14 16 19 
0 3 15 16 19 
0 7 15 16 19 
0 2 3 18 19 
2 3 4 18 19 
0 2 5 18 19 
2 5 6 18 19 
3 4 14 18 19 
3 14 15 18 19 
0 3 16 18 19 
2 4 16 18 19 
0 5 16 18 19 
2 6 16 18 19 
5 6 16 18 19 
4 14 16 18 19 
3 15 16 18 19 
0 2 3 4 20 
0 2 3 15 20 
0 1 4 15 20 
0 2 4 15 20 
2 3 4 15 20 
0 3 14 15 20 
1 4 14 15 20 
3 4 14 15 20 
1 5 14 15 20 
5 6 14 15 20 
0 7 14 15 20 
0 1 5 16 20 
0 5 6 16 20 
0 6 7 16 20 
0 1 15 19 20 
1 5 15 19 20 
5 6 15 19 20 
0 7 15 19 20 
6 14 15 19 20 
0 1 16 19 20 
1 5 16 19 20 
5 6 16 19 20 
0 7 16 19 20 
6 14 16 19 20 
7 15 16 19 20 
0 1 2 3 21 
0 1 3 4 21 
1 2 3 4 21 
0 1 2 14 21 
0 2 3 14 21 
1 2 4 14 21 
2 3 4 14 21 
0 1 5 14 21 
0 5 6 14 21 
0 6 7 14 21 
6 7 14 16 21 
7 14 15 16 21 
0 1 4 20 21 
0 3 4 20 21 
0 1 5 20 21 
0 5 6 20 21 
0 6 7 20 21 
0 3 14 20 21 
1 4 14 20 21 
3 4 14 20 21 
1 5 14 20 21 
5 6 14 20 21 
0 7 14 20 21 
7 14 15 20 21 
6 7 16 20 21 
6 14 16 20 21 
7 15 16 20 21 
