5 122
0 1 3 14 15 
2 3 14 15 16 
2 7 14 15 16 
0 1 5 6 17 
1 2 5 6 17 
0 1 2 7 17 
0 1 6 7 17 
1 2 6 7 17 
0 1 2 16 17 
0 1 5 16 17 
1 2 5 16 17 
0 5 6 16 17 
0 2 7 16 17 
0 6 7 16 17 
2 6 7 16 17 
2 3 14 16 17 
2 5 14 16 17 
4 5 14 16 17 
3 14 15 16 17 
0 2 5 6 18 
0 2 6 7 18 
2 4 5 14 18 
2 6 7 16 18 
2 5 6 17 18 
2 3 14 17 18 
2 5 14 17 18 
4 5 14 17 18 
3 14 15 17 18 
2 3 16 17 18 
4 5 16 17 18 
2 6 16 17 18 
5 6 16 17 18 
4 14 16 17 18 
3 15 16 17 18 
1 3 4 14 19 
2 3 4 14 19 
1 3 14 15 19 
1 4 14 15 19 
4 5 14 15 19 
5 6 14 15 19 
0 6 7 16 19 
4 5 14 16 19 
5 6 14 16 19 
2 3 15 16 19 
2 7 15 16 19 
0 2 5 18 19 
2 4 5 18 19 
0 5 6 18 19 
0 2 7 18 19 
0 6 7 18 19 
2 3 14 18 19 
2 4 14 18 19 
3 14 15 18 19 
2 3 16 18 19 
4 5 16 18 19 
5 6 16 18 19 
2 7 16 18 19 
6 7 16 18 19 
4 14 16 18 19 
3 15 16 18 19 
0 1 3 4 20 
0 2 3 4 20 
0 1 4 5 20 
0 2 4 5 20 
0 1 3 15 20 
0 1 5 15 20 
1 4 5 15 20 
0 5 6 16 20 
1 3 4 19 20 
2 3 4 19 20 
0 2 5 19 20 
2 4 5 19 20 
0 5 6 19 20 
0 2 7 19 20 
1 3 15 19 20 
2 3 15 19 20 
1 4 15 19 20 
4 5 15 19 20 
5 6 15 19 20 
2 7 15 19 20 
6 14 15 19 20 
0 6 16 19 20 
0 7 16 19 20 
6 14 16 19 20 
7 15 16 19 20 
0 1 2 3 21 
1 2 3 4 21 
1 2 4 5 21 
0 1 3 14 21 
1 3 4 14 21 
2 3 4 14 21 
2 4 5 14 21 
0 1 5 15 21 
1 4 5 15 21 
0 1 14 15 21 
0 3 14 15 21 
2 3 14 15 21 
1 4 14 15 21 
4 5 14 15 21 
5 6 14 15 21 
2 7 14 15 21 
0 1 2 16 21 
0 1 5 16 21 
1 2 5 16 21 
0 2 7 16 21 
2 5 14 16 21 
5 6 14 16 21 
2 7 14 16 21 
7 14 15 16 21 
0 2 3 20 21 
0 2 7 20 21 
0 3 15 20 21 
2 3 15 20 21 
0 5 15 20 21 
5 6 15 20 21 
2 7 15 20 21 
6 14 15 20 21 
0 5 16 20 21 
5 6 16 20 21 
0 7 16 20 21 
6 14 16 20 21 
7 15 16 20 21 
