5 92
1 2 3 7 16 
1 2 7 8 16 
1 3 7 15 16 
1 2 8 15 16 
1 7 8 15 16 
2 7 8 15 16 
1 2 10 15 16 
1 2 4 10 19 
1 4 7 10 19 
2 4 7 10 19 
2 3 4 7 21 
2 7 8 15 21 
1 2 3 16 21 
2 3 7 16 21 
1 2 10 16 21 
1 3 15 16 21 
1 4 15 16 21 
2 7 15 16 21 
3 7 15 16 21 
2 10 15 16 21 
2 4 7 19 21 
2 7 8 19 21 
3 7 15 19 21 
7 8 15 19 21 
1 2 8 10 24 
1 7 8 10 24 
2 7 8 10 24 
1 3 7 15 24 
1 2 8 15 24 
1 7 8 15 24 
1 2 10 15 24 
1 3 7 21 24 
1 4 7 21 24 
1 3 15 21 24 
1 4 15 21 24 
4 15 16 21 24 
1 2 3 4 25 
1 3 4 7 25 
1 2 3 21 25 
2 3 4 21 25 
1 3 7 21 25 
1 4 7 21 25 
3 4 7 21 25 
1 2 10 21 25 
2 8 15 21 25 
2 10 15 21 25 
10 15 16 21 25 
8 15 19 21 25 
1 4 15 16 27 
1 10 15 16 27 
1 2 4 19 27 
1 4 7 19 27 
2 7 8 19 27 
1 2 10 19 27 
1 7 10 19 27 
2 7 10 19 27 
3 7 15 19 27 
7 8 15 19 27 
1 4 16 21 27 
1 10 16 21 27 
2 4 19 21 27 
3 7 19 21 27 
4 7 19 21 27 
2 8 19 21 27 
3 15 19 21 27 
1 4 7 24 27 
2 7 8 24 27 
1 7 10 24 27 
2 7 10 24 27 
1 4 15 24 27 
3 7 15 24 27 
2 8 15 24 27 
7 8 15 24 27 
1 10 15 24 27 
2 10 15 24 27 
4 15 16 24 27 
3 7 21 24 27 
4 7 21 24 27 
3 15 21 24 27 
4 16 21 24 27 
1 2 4 25 27 
1 2 10 25 27 
2 8 15 25 27 
2 10 15 25 27 
10 15 16 25 27 
8 15 19 25 27 
1 4 21 25 27 
2 4 21 25 27 
2 8 21 25 27 
1 10 21 25 27 
10 16 21 25 27 
8 19 21 25 27 
