5 92
0 1 3 10 14 
0 1 10 11 14 
0 1 5 11 18 
0 5 10 11 18 
1 5 10 11 18 
0 1 5 16 18 
0 2 10 16 18 
0 5 10 16 18 
0 1 11 16 18 
0 1 2 5 20 
0 2 5 10 20 
1 2 5 10 20 
0 1 5 16 20 
0 2 10 16 20 
0 5 10 16 20 
1 5 10 16 20 
0 1 11 16 20 
0 1 3 14 21 
0 3 10 14 21 
1 5 10 14 21 
0 1 11 14 21 
0 10 11 14 21 
1 10 11 14 21 
2 10 14 16 21 
5 10 14 16 21 
0 3 10 18 21 
1 5 10 18 21 
0 10 11 18 21 
1 10 11 18 21 
0 3 16 18 21 
1 5 16 18 21 
2 10 16 18 21 
5 10 16 18 21 
0 11 16 18 21 
1 11 16 18 21 
2 14 16 18 21 
0 3 16 20 21 
0 11 16 20 21 
3 16 18 20 21 
0 1 2 3 25 
0 2 3 10 25 
1 2 3 10 25 
0 1 3 21 25 
0 1 11 21 25 
1 5 16 21 25 
1 11 16 21 25 
11 16 20 21 25 
1 3 10 14 26 
1 5 10 14 26 
1 5 10 16 26 
2 10 14 16 26 
5 10 14 16 26 
0 2 10 18 26 
0 3 10 18 26 
0 2 16 18 26 
0 3 16 18 26 
2 14 16 18 26 
0 1 2 20 26 
1 2 10 20 26 
0 1 11 20 26 
0 2 16 20 26 
0 3 16 20 26 
1 10 16 20 26 
2 10 16 20 26 
1 11 16 20 26 
3 16 18 20 26 
1 3 14 21 26 
1 5 14 21 26 
2 10 14 21 26 
3 10 14 21 26 
5 14 16 21 26 
2 10 18 21 26 
3 10 18 21 26 
2 14 18 21 26 
0 3 20 21 26 
0 11 20 21 26 
3 18 20 21 26 
0 1 2 25 26 
0 2 10 25 26 
1 2 10 25 26 
0 3 10 25 26 
1 3 10 25 26 
0 1 11 25 26 
1 5 16 25 26 
1 11 16 25 26 
11 16 20 25 26 
0 3 21 25 26 
1 3 21 25 26 
1 5 21 25 26 
0 11 21 25 26 
5 16 21 25 26 
11 20 21 25 26 
