5 103
0 5 6 8 20 
0 2 4 14 20 
0 4 7 14 20 
0 5 6 19 20 
0 2 8 19 20 
0 6 8 19 20 
5 6 8 19 20 
0 2 14 19 20 
0 4 7 13 21 
0 4 8 13 21 
2 4 8 14 21 
4 7 13 14 21 
0 8 13 14 21 
4 8 13 14 21 
0 5 6 19 21 
5 6 8 19 21 
2 8 14 19 21 
6 8 14 19 21 
2 14 19 20 21 
0 4 6 8 23 
0 5 14 19 23 
0 13 14 19 23 
2 4 14 20 23 
4 7 14 20 23 
0 5 19 20 23 
2 8 19 20 23 
5 8 19 20 23 
0 13 19 20 23 
0 5 6 21 23 
0 4 7 21 23 
0 4 8 21 23 
2 4 8 21 23 
0 6 8 21 23 
5 6 8 21 23 
0 7 13 21 23 
2 4 14 21 23 
0 5 14 21 23 
4 7 14 21 23 
0 13 14 21 23 
7 13 14 21 23 
2 8 19 21 23 
5 8 19 21 23 
2 14 20 21 23 
2 19 20 21 23 
0 2 4 5 25 
0 4 5 6 25 
0 2 5 8 25 
2 4 5 8 25 
4 5 6 8 25 
0 7 13 14 25 
0 13 14 19 25 
0 2 4 20 25 
0 4 7 20 25 
0 2 8 20 25 
0 5 8 20 25 
0 7 14 20 25 
0 13 19 20 25 
0 14 19 20 25 
0 4 6 23 25 
0 5 6 23 25 
0 4 7 23 25 
2 4 8 23 25 
4 6 8 23 25 
5 6 8 23 25 
0 7 13 23 25 
7 13 14 23 25 
13 14 19 23 25 
2 4 20 23 25 
0 5 20 23 25 
4 7 20 23 25 
2 8 20 23 25 
5 8 20 23 25 
0 13 20 23 25 
7 14 20 23 25 
13 19 20 23 25 
0 2 4 7 27 
0 2 7 13 27 
2 4 7 13 27 
0 2 8 13 27 
2 4 8 13 27 
0 2 4 14 27 
0 4 7 14 27 
2 4 8 14 27 
0 7 13 14 27 
4 7 13 14 27 
0 8 13 14 27 
4 8 13 14 27 
0 2 8 19 27 
0 6 8 19 27 
0 2 14 19 27 
0 5 14 19 27 
2 8 14 19 27 
6 8 14 19 27 
0 6 8 21 27 
0 5 14 21 27 
0 8 14 21 27 
6 8 14 21 27 
0 5 19 21 27 
0 6 19 21 27 
6 14 19 21 27 
5 14 19 23 27 
5 14 21 23 27 
5 19 21 23 27 
