5 103
1 2 7 8 17 
0 2 3 17 18 
0 2 4 17 18 
0 1 2 8 20 
0 1 3 18 20 
0 1 10 18 20 
0 4 10 18 20 
0 3 17 18 20 
0 4 17 18 20 
0 1 3 7 21 
0 2 3 7 21 
1 2 3 7 21 
0 1 7 8 21 
0 2 7 8 21 
0 2 3 17 21 
1 2 3 17 21 
0 2 4 17 21 
1 2 7 17 21 
1 7 8 17 21 
2 4 10 18 21 
2 4 17 18 21 
0 1 3 20 21 
0 2 4 20 21 
0 1 8 20 21 
0 2 8 20 21 
2 7 8 20 21 
2 4 10 20 21 
0 3 17 20 21 
1 3 17 20 21 
0 4 17 20 21 
2 7 17 20 21 
1 8 17 20 21 
7 8 17 20 21 
2 10 17 20 21 
4 10 18 20 21 
4 17 18 20 21 
1 2 3 17 22 
1 2 8 17 22 
2 7 8 17 22 
2 3 17 18 22 
1 3 17 20 22 
2 7 17 20 22 
1 8 17 20 22 
7 8 17 20 22 
2 10 17 20 22 
2 7 18 20 22 
2 10 18 20 22 
2 10 17 21 22 
2 10 18 21 22 
2 17 18 21 22 
10 17 20 21 22 
10 18 20 21 22 
0 1 2 10 23 
0 2 4 10 23 
1 2 8 18 23 
1 2 10 18 23 
0 1 2 20 23 
0 2 4 20 23 
1 2 8 20 23 
2 7 8 20 23 
0 1 10 20 23 
0 4 10 20 23 
2 4 10 20 23 
1 3 18 20 23 
2 7 18 20 23 
1 10 18 20 23 
2 10 18 20 23 
3 17 18 20 23 
1 3 18 22 23 
1 8 18 22 23 
3 17 18 22 23 
1 3 20 22 23 
1 8 20 22 23 
7 8 20 22 23 
3 17 20 22 23 
0 2 3 4 24 
0 1 3 10 24 
1 2 3 10 24 
0 3 4 10 24 
2 3 4 10 24 
0 1 3 18 24 
0 2 3 18 24 
0 2 4 18 24 
1 2 8 18 24 
0 1 10 18 24 
1 2 10 18 24 
0 4 10 18 24 
2 4 10 18 24 
1 2 3 22 24 
1 2 8 22 24 
2 7 8 22 24 
1 3 18 22 24 
2 3 18 22 24 
2 7 18 22 24 
1 8 18 22 24 
7 18 20 22 24 
2 7 8 23 24 
2 7 18 23 24 
2 8 18 23 24 
7 18 20 23 24 
7 8 22 23 24 
8 18 22 23 24 
7 20 22 23 24 
