5 103
0 2 4 6 14 
0 4 6 7 14 
2 4 6 7 14 
0 2 4 8 15 
0 2 7 8 15 
0 2 6 14 17 
0 4 7 14 17 
2 4 7 14 17 
0 6 7 14 17 
2 6 7 14 17 
2 4 8 14 17 
0 2 13 14 17 
0 2 6 13 18 
0 6 7 13 18 
2 6 7 13 18 
0 2 6 17 18 
0 6 7 17 18 
0 4 8 17 18 
0 7 8 17 18 
0 2 13 17 18 
2 8 14 17 19 
2 13 14 17 19 
0 4 7 8 20 
2 4 7 8 20 
2 6 7 15 20 
2 7 8 15 20 
0 4 7 17 20 
2 4 7 17 20 
2 6 7 17 20 
0 4 8 17 20 
2 4 8 17 20 
0 7 8 17 20 
2 6 15 17 20 
2 13 15 17 20 
2 8 14 19 20 
2 13 14 19 20 
6 7 17 19 20 
2 8 17 19 20 
7 8 17 19 20 
2 13 17 19 20 
13 14 17 19 20 
0 2 4 14 23 
2 4 8 14 23 
0 2 13 14 23 
0 2 4 15 23 
0 2 7 15 23 
2 6 7 15 23 
0 4 8 15 23 
2 4 8 15 23 
0 7 8 15 23 
0 4 14 17 23 
4 8 14 17 23 
0 13 14 17 23 
2 6 15 17 23 
2 13 15 17 23 
0 4 8 18 23 
4 8 17 18 23 
8 14 17 19 23 
8 17 18 19 23 
2 8 14 20 23 
2 13 14 20 23 
6 7 15 20 23 
2 8 15 20 23 
7 8 15 20 23 
2 13 15 20 23 
13 14 17 20 23 
13 15 17 20 23 
7 8 19 20 23 
8 14 19 20 23 
0 2 7 13 27 
2 6 7 18 27 
0 7 8 18 27 
0 7 13 18 27 
2 7 13 18 27 
0 4 17 18 27 
2 6 17 18 27 
6 7 17 18 27 
7 8 17 18 27 
0 13 17 18 27 
2 13 17 18 27 
6 7 17 19 27 
7 8 17 19 27 
8 17 18 19 27 
6 15 17 20 27 
6 7 19 20 27 
6 17 19 20 27 
0 2 7 23 27 
2 6 7 23 27 
0 7 8 23 27 
0 2 13 23 27 
0 4 17 23 27 
2 6 17 23 27 
0 13 17 23 27 
2 13 17 23 27 
6 15 17 23 27 
0 4 18 23 27 
0 8 18 23 27 
4 17 18 23 27 
7 8 19 23 27 
8 18 19 23 27 
6 7 20 23 27 
6 15 20 23 27 
7 19 20 23 27 
