5 101
1 7 8 12 14 
5 8 12 14 17 
8 11 12 14 17 
8 11 12 14 18 
1 2 8 17 18 
5 8 14 17 18 
8 11 14 17 18 
1 2 5 8 19 
1 2 5 12 19 
1 5 8 12 19 
1 2 8 17 19 
2 5 8 17 19 
1 2 12 17 19 
2 5 12 17 19 
1 7 12 17 19 
7 12 17 18 19 
11 12 17 18 19 
1 7 8 14 20 
1 7 12 14 20 
1 8 12 14 20 
5 8 12 14 20 
5 12 14 17 20 
11 12 14 17 20 
1 7 8 18 20 
1 8 17 18 20 
5 8 17 18 20 
5 14 17 18 20 
1 7 12 19 20 
1 8 12 19 20 
5 8 12 19 20 
1 7 17 19 20 
1 8 17 19 20 
5 8 17 19 20 
5 12 17 19 20 
11 12 17 19 20 
7 12 18 19 20 
11 12 18 19 20 
2 5 8 11 22 
2 5 11 12 22 
5 8 11 12 22 
2 5 8 17 22 
1 2 12 17 22 
2 5 12 17 22 
1 7 12 17 22 
5 8 12 17 22 
8 11 12 17 22 
1 7 12 18 22 
7 17 18 19 22 
1 7 17 20 22 
1 7 18 20 22 
7 17 19 20 22 
7 18 19 20 22 
1 2 7 8 26 
1 2 7 12 26 
2 7 8 12 26 
7 8 12 14 26 
1 2 8 18 26 
1 7 8 18 26 
1 2 12 18 26 
1 7 12 18 26 
2 8 12 18 26 
5 8 14 18 26 
8 12 14 18 26 
11 12 14 18 26 
11 14 17 18 26 
11 17 18 19 26 
5 8 14 20 26 
7 8 14 20 26 
7 12 14 20 26 
11 12 14 20 26 
11 14 17 20 26 
5 8 18 20 26 
7 8 18 20 26 
7 12 18 20 26 
11 12 18 20 26 
5 14 18 20 26 
11 17 19 20 26 
11 18 19 20 26 
2 8 11 12 27 
1 2 12 18 27 
2 8 12 18 27 
8 11 12 18 27 
1 2 17 18 27 
2 8 17 18 27 
8 11 17 18 27 
7 12 17 18 27 
11 12 17 18 27 
1 17 18 20 27 
2 8 11 22 27 
1 2 12 22 27 
2 11 12 22 27 
1 2 17 22 27 
2 8 17 22 27 
8 11 17 22 27 
7 12 17 22 27 
11 12 17 22 27 
1 12 18 22 27 
7 12 18 22 27 
7 17 18 22 27 
1 17 20 22 27 
1 18 20 22 27 
