5 103
0 2 5 14 18 
0 2 5 7 19 
0 3 5 7 19 
2 3 5 7 19 
0 3 5 18 19 
2 3 5 18 19 
0 3 7 18 19 
2 3 12 18 19 
1 2 3 19 20 
2 3 12 19 20 
1 3 18 19 20 
3 12 18 19 20 
0 1 2 12 22 
0 1 3 12 22 
1 2 3 12 22 
0 1 3 14 22 
1 2 3 20 22 
0 2 12 20 22 
0 3 12 20 22 
2 3 12 20 22 
1 2 14 20 22 
0 3 14 20 22 
1 3 14 20 22 
2 5 14 20 22 
0 7 14 20 22 
0 2 18 20 22 
2 5 18 20 22 
0 7 18 20 22 
5 14 18 20 22 
0 1 2 3 24 
0 1 3 14 24 
0 2 3 14 24 
1 2 3 14 24 
0 2 14 18 24 
2 5 14 18 24 
0 7 14 18 24 
0 1 2 22 24 
0 1 14 22 24 
1 2 14 22 24 
2 5 14 22 24 
0 7 14 22 24 
0 2 18 22 24 
2 5 18 22 24 
0 7 18 22 24 
5 14 18 22 24 
0 2 3 7 25 
0 2 3 14 25 
1 2 3 14 25 
0 2 5 14 25 
0 3 7 14 25 
1 3 14 18 25 
0 5 14 18 25 
0 7 14 18 25 
3 7 14 18 25 
1 2 3 19 25 
0 2 5 19 25 
0 2 7 19 25 
2 3 7 19 25 
1 3 18 19 25 
0 5 18 19 25 
2 5 18 19 25 
0 7 18 19 25 
3 7 18 19 25 
2 12 18 19 25 
1 2 14 20 25 
2 5 14 20 25 
2 5 18 20 25 
2 12 18 20 25 
5 14 18 20 25 
1 2 19 20 25 
2 12 19 20 25 
12 18 19 20 25 
0 2 5 12 26 
0 3 5 12 26 
2 3 5 12 26 
0 3 7 14 26 
0 2 5 18 26 
0 3 5 18 26 
2 3 5 18 26 
0 3 7 18 26 
2 3 12 18 26 
1 3 14 18 26 
3 7 14 18 26 
0 2 12 20 26 
0 3 12 20 26 
0 3 14 20 26 
1 3 14 20 26 
0 7 14 20 26 
0 2 18 20 26 
1 3 18 20 26 
0 7 18 20 26 
2 12 18 20 26 
3 12 18 20 26 
1 18 19 20 26 
7 14 20 22 26 
7 18 20 22 26 
7 14 18 24 26 
7 14 22 24 26 
7 18 22 24 26 
1 14 18 25 26 
1 18 19 25 26 
1 14 20 25 26 
1 19 20 25 26 
