5 101
0 2 6 11 18 
0 2 13 18 19 
2 6 16 18 19 
2 13 16 18 19 
2 5 7 13 20 
2 5 6 16 20 
2 5 13 16 20 
2 7 13 16 20 
5 7 13 16 20 
2 5 6 18 20 
2 5 11 18 20 
5 6 16 18 20 
5 11 16 18 20 
2 5 11 19 20 
2 6 18 19 20 
2 11 18 19 20 
0 2 5 7 21 
0 2 7 13 21 
0 5 7 13 21 
2 7 13 16 21 
0 2 5 19 21 
0 2 13 19 21 
0 5 13 19 21 
5 7 13 19 21 
2 6 16 19 21 
5 7 16 19 21 
5 11 16 19 21 
2 13 16 19 21 
7 13 16 19 21 
6 16 18 19 21 
2 5 7 20 21 
2 6 16 20 21 
2 7 16 20 21 
5 7 16 20 21 
5 11 16 20 21 
6 16 18 20 21 
2 5 19 20 21 
2 6 19 20 21 
5 11 19 20 21 
11 16 19 20 21 
6 18 19 20 21 
0 2 5 11 22 
0 2 11 18 22 
0 2 5 19 22 
2 5 11 19 22 
0 5 13 19 22 
0 2 18 19 22 
5 7 18 19 22 
2 11 18 19 22 
5 11 18 19 22 
0 13 18 19 22 
13 16 18 19 22 
0 2 6 13 25 
0 5 6 13 25 
2 5 6 13 25 
2 5 6 16 25 
2 5 13 16 25 
5 7 13 16 25 
0 2 6 18 25 
0 5 6 18 25 
0 2 13 18 25 
0 5 13 18 25 
5 7 13 18 25 
2 6 16 18 25 
5 6 16 18 25 
5 11 16 18 25 
2 13 16 18 25 
7 13 16 18 25 
5 7 16 19 25 
5 11 16 19 25 
5 7 18 19 25 
5 11 18 19 25 
11 16 18 20 25 
11 16 19 20 25 
11 18 19 20 25 
0 5 6 11 26 
2 5 6 11 26 
0 5 6 18 26 
2 5 6 18 26 
2 5 11 18 26 
0 6 11 18 26 
2 6 11 18 26 
0 5 13 18 26 
5 7 13 18 26 
7 13 16 18 26 
5 7 13 19 26 
7 13 16 19 26 
0 5 11 22 26 
0 5 13 22 26 
5 7 18 22 26 
0 11 18 22 26 
5 11 18 22 26 
0 13 18 22 26 
13 16 18 22 26 
5 7 19 22 26 
5 13 19 22 26 
13 16 19 22 26 
7 18 19 22 26 
7 16 18 25 26 
7 16 19 25 26 
7 18 19 25 26 
