5 224
0 1 2 3 15 
0 1 2 6 15 
0 2 3 6 15 
1 2 3 10 15 
2 3 6 10 15 
0 1 3 13 15 
0 1 7 13 15 
0 3 7 13 15 
0 3 12 17 18 
4 6 12 17 18 
0 5 7 12 19 
1 5 7 12 19 
0 3 12 17 19 
0 5 12 17 19 
1 5 12 17 19 
0 3 14 17 19 
0 5 14 17 19 
1 5 14 17 19 
1 6 14 17 19 
1 2 15 16 20 
1 5 15 16 20 
1 4 6 17 20 
1 5 14 17 20 
1 6 14 17 20 
2 6 15 18 20 
4 6 15 18 20 
1 4 17 18 20 
1 5 17 18 20 
4 6 17 18 20 
6 14 17 19 20 
2 6 15 16 21 
6 9 15 16 21 
2 15 16 20 21 
2 6 18 20 21 
2 15 18 20 21 
6 17 18 20 21 
0 1 5 6 22 
0 1 5 7 22 
0 3 5 9 22 
0 5 6 9 22 
3 5 6 9 22 
0 3 5 12 22 
1 5 6 12 22 
3 5 6 12 22 
1 4 6 18 22 
0 3 7 18 22 
0 5 7 18 22 
1 5 7 18 22 
0 3 12 18 22 
0 5 12 18 22 
1 5 12 18 22 
1 6 12 18 22 
3 6 12 18 22 
2 6 15 18 22 
4 6 15 18 22 
3 6 9 21 22 
3 7 13 21 22 
2 6 15 21 22 
4 6 15 21 22 
2 6 18 21 22 
3 6 18 21 22 
3 7 18 21 22 
7 13 18 21 22 
2 15 18 21 22 
1 4 6 17 23 
1 4 12 17 23 
4 6 12 17 23 
0 3 14 17 23 
0 3 7 18 23 
0 5 7 18 23 
3 6 12 18 23 
0 5 14 18 23 
0 3 17 18 23 
3 12 17 18 23 
6 12 17 18 23 
0 14 17 18 23 
0 5 7 19 23 
1 5 7 19 23 
0 3 12 19 23 
0 7 12 19 23 
1 7 12 19 23 
0 3 14 19 23 
0 5 14 19 23 
1 5 14 19 23 
1 6 14 19 23 
1 6 17 19 23 
1 12 17 19 23 
3 12 17 19 23 
3 14 17 19 23 
1 5 14 20 23 
1 6 14 20 23 
5 14 18 20 23 
6 14 19 20 23 
6 17 19 20 23 
3 6 18 21 23 
3 7 18 21 23 
5 7 18 21 23 
6 17 18 21 23 
2 6 20 21 23 
6 17 20 21 23 
0 3 6 9 24 
1 2 6 10 24 
0 1 6 15 24 
1 2 6 15 24 
0 3 6 15 24 
0 1 7 15 24 
0 3 7 15 24 
1 5 7 15 24 
3 6 9 15 24 
3 7 13 15 24 
1 5 7 18 24 
1 4 6 20 24 
1 2 10 20 24 
1 6 10 20 24 
2 6 10 20 24 
1 2 15 20 24 
1 5 15 20 24 
2 6 15 20 24 
4 6 15 20 24 
1 4 18 20 24 
1 5 18 20 24 
4 15 18 20 24 
4 6 15 21 24 
5 7 15 21 24 
3 9 15 21 24 
6 9 15 21 24 
3 13 15 21 24 
7 13 15 21 24 
5 7 18 21 24 
7 13 18 21 24 
0 1 6 22 24 
1 4 6 22 24 
0 1 7 22 24 
0 3 7 22 24 
0 3 9 22 24 
0 6 9 22 24 
3 7 13 22 24 
1 4 18 22 24 
1 7 18 22 24 
7 13 18 22 24 
4 15 18 22 24 
4 6 21 22 24 
3 9 21 22 24 
6 9 21 22 24 
3 13 21 22 24 
4 15 21 22 24 
13 18 21 22 24 
5 15 20 23 24 
5 18 20 23 24 
5 15 21 23 24 
5 18 21 23 24 
1 3 4 6 25 
1 3 6 10 25 
1 3 4 12 25 
3 4 6 12 25 
0 3 7 12 25 
1 3 7 12 25 
1 3 7 13 25 
1 5 7 15 25 
3 6 9 15 25 
1 2 10 15 25 
1 3 10 15 25 
2 6 10 15 25 
3 6 10 15 25 
1 3 13 15 25 
1 7 13 15 25 
1 2 15 16 25 
1 5 15 16 25 
2 6 15 16 25 
6 9 15 16 25 
1 2 10 20 25 
1 6 10 20 25 
2 6 10 20 25 
1 2 16 20 25 
1 5 16 20 25 
5 15 16 20 25 
3 6 9 21 25 
3 7 13 21 25 
5 7 15 21 25 
3 9 15 21 25 
3 13 15 21 25 
7 13 15 21 25 
2 6 16 21 25 
6 9 16 21 25 
9 15 16 21 25 
2 16 20 21 25 
1 4 6 23 25 
0 3 7 23 25 
1 5 7 23 25 
0 3 12 23 25 
1 4 12 23 25 
3 6 12 23 25 
4 6 12 23 25 
0 7 12 23 25 
1 7 12 23 25 
1 5 20 23 25 
1 6 20 23 25 
2 6 20 23 25 
5 15 20 23 25 
2 6 21 23 25 
3 6 21 23 25 
3 7 21 23 25 
5 7 21 23 25 
5 15 21 23 25 
2 20 21 23 25 
1 4 6 12 27 
1 4 12 17 27 
0 5 12 17 27 
1 5 12 17 27 
0 5 14 17 27 
1 4 6 18 27 
0 5 12 18 27 
1 5 12 18 27 
1 6 12 18 27 
4 6 12 18 27 
0 5 14 18 27 
1 4 17 18 27 
1 5 17 18 27 
0 12 17 18 27 
4 12 17 18 27 
0 14 17 18 27 
5 14 17 20 27 
5 14 18 20 27 
5 17 18 20 27 
