5 167
0 1 3 4 15 
0 1 4 6 15 
1 3 4 8 15 
1 4 6 8 15 
0 5 7 11 16 
0 3 4 14 16 
0 2 8 15 16 
1 2 6 8 17 
0 2 8 9 17 
0 1 2 11 17 
1 2 8 11 17 
0 2 9 11 17 
2 8 9 11 17 
0 1 2 15 17 
1 2 6 15 17 
0 2 8 15 17 
1 6 8 15 17 
2 6 8 15 17 
0 1 11 15 17 
0 5 11 15 17 
5 7 11 15 17 
1 8 11 15 17 
7 8 11 15 17 
0 8 9 16 18 
0 8 15 16 18 
8 9 15 16 18 
0 7 8 11 19 
0 8 9 11 19 
0 2 8 14 19 
0 4 8 14 19 
2 6 8 14 19 
4 6 8 14 19 
0 2 8 16 19 
0 8 9 16 19 
0 7 11 16 19 
7 8 11 16 19 
0 9 11 16 19 
8 9 11 16 19 
0 4 14 16 19 
0 2 15 16 19 
0 14 15 16 19 
0 1 2 6 20 
0 2 6 8 20 
0 4 6 8 20 
0 3 4 14 20 
0 2 8 14 20 
0 4 8 14 20 
2 6 8 14 20 
4 6 8 14 20 
0 5 14 15 20 
0 3 14 16 20 
0 14 15 16 20 
0 5 15 18 20 
0 15 16 18 20 
5 15 17 18 20 
0 1 3 8 22 
0 3 4 8 22 
0 1 5 8 22 
0 5 7 8 22 
0 1 5 11 22 
1 5 8 11 22 
5 7 8 11 22 
0 1 3 15 22 
1 3 8 15 22 
3 4 8 15 22 
2 6 8 15 22 
4 6 8 15 22 
0 1 11 15 22 
0 5 11 15 22 
5 7 11 15 22 
1 8 11 15 22 
7 8 11 15 22 
0 3 4 16 22 
2 8 15 16 22 
8 9 15 16 22 
0 4 8 19 22 
2 6 8 19 22 
4 6 8 19 22 
0 7 8 19 22 
0 4 16 19 22 
4 6 16 19 22 
0 7 16 19 22 
2 8 16 19 22 
7 8 16 19 22 
2 15 16 19 22 
0 1 2 15 26 
0 3 4 15 26 
0 1 6 15 26 
1 2 6 15 26 
0 4 6 15 26 
0 5 14 15 26 
0 5 7 16 26 
0 5 11 16 26 
5 7 11 16 26 
7 8 11 16 26 
0 9 11 16 26 
8 9 11 16 26 
3 4 14 16 26 
0 8 9 17 26 
0 5 11 17 26 
5 7 11 17 26 
7 8 11 17 26 
0 9 11 17 26 
8 9 11 17 26 
5 7 15 17 26 
0 8 9 18 26 
8 9 15 18 26 
0 9 16 18 26 
9 15 16 18 26 
0 2 14 19 26 
2 6 14 19 26 
4 6 14 19 26 
0 2 15 19 26 
0 14 15 19 26 
4 6 16 19 26 
4 14 16 19 26 
0 1 2 20 26 
0 3 4 20 26 
0 1 6 20 26 
1 2 6 20 26 
0 4 6 20 26 
0 2 14 20 26 
3 4 14 20 26 
0 5 14 20 26 
2 6 14 20 26 
4 6 14 20 26 
5 14 15 20 26 
0 3 16 20 26 
3 14 16 20 26 
5 15 17 20 26 
0 5 18 20 26 
0 16 18 20 26 
5 17 18 20 26 
0 5 7 22 26 
0 3 15 22 26 
3 4 15 22 26 
0 5 15 22 26 
2 6 15 22 26 
4 6 15 22 26 
5 7 15 22 26 
7 8 15 22 26 
8 9 15 22 26 
0 3 16 22 26 
3 4 16 22 26 
4 6 16 22 26 
0 7 16 22 26 
7 8 16 22 26 
8 9 16 22 26 
9 15 16 22 26 
2 6 19 22 26 
2 15 19 22 26 
6 16 19 22 26 
0 5 15 17 27 
0 8 15 17 27 
7 8 15 17 27 
0 5 15 18 27 
0 8 15 18 27 
5 15 17 18 27 
7 8 15 26 27 
0 5 17 26 27 
0 8 17 26 27 
7 8 17 26 27 
7 15 17 26 27 
0 5 18 26 27 
0 8 18 26 27 
8 15 18 26 27 
5 17 18 26 27 
