5 180
3 7 11 13 16 
7 8 11 13 16 
0 6 12 18 19 
2 3 11 13 20 
0 3 16 18 20 
3 7 11 16 21 
2 3 13 16 21 
3 11 13 16 21 
3 7 11 20 21 
2 3 13 20 21 
2 11 13 20 21 
3 11 13 20 21 
0 3 18 20 21 
3 7 18 20 21 
0 16 18 20 21 
0 3 6 8 22 
0 6 8 11 22 
3 6 8 11 22 
3 7 8 11 22 
0 3 8 13 22 
3 7 8 13 22 
0 8 11 13 22 
0 3 6 19 22 
0 6 12 19 22 
2 3 14 19 22 
3 6 14 19 22 
6 12 14 19 22 
0 2 3 11 23 
0 3 6 12 23 
0 3 11 12 23 
3 6 11 12 23 
0 2 3 13 23 
0 2 11 13 23 
0 6 12 18 23 
6 11 12 18 23 
0 3 16 18 24 
6 12 14 19 24 
0 3 16 19 24 
2 3 16 19 24 
0 12 18 19 24 
6 12 18 19 24 
0 16 18 19 24 
0 6 11 22 24 
3 6 11 22 24 
3 7 11 22 24 
7 8 11 22 24 
0 6 12 22 24 
0 3 13 22 24 
3 7 13 22 24 
7 8 13 22 24 
0 11 13 22 24 
8 11 13 22 24 
2 3 14 22 24 
3 6 14 22 24 
6 12 14 22 24 
0 3 19 22 24 
2 3 19 22 24 
0 12 19 22 24 
12 14 19 22 24 
2 16 19 22 24 
7 8 11 16 25 
2 3 13 16 25 
3 7 13 16 25 
7 8 13 16 25 
8 11 13 16 25 
0 3 6 19 25 
2 3 14 19 25 
3 6 14 19 25 
0 3 16 19 25 
2 3 16 19 25 
0 6 18 19 25 
0 16 18 19 25 
0 3 16 21 25 
3 7 16 21 25 
7 11 16 21 25 
2 13 16 21 25 
11 13 16 21 25 
0 3 18 21 25 
3 7 18 21 25 
0 16 18 21 25 
2 14 19 22 25 
2 16 19 22 25 
0 3 6 23 25 
3 6 11 23 25 
3 7 11 23 25 
8 11 13 23 25 
0 3 18 23 25 
0 6 18 23 25 
3 7 18 23 25 
6 11 18 23 25 
8 11 18 23 25 
3 6 11 24 25 
3 7 11 24 25 
7 8 11 24 25 
3 7 13 24 25 
7 8 13 24 25 
2 3 14 24 25 
3 6 14 24 25 
6 11 18 24 25 
8 11 18 24 25 
6 14 19 24 25 
6 18 19 24 25 
2 14 22 24 25 
2 16 22 24 25 
0 6 11 12 26 
6 11 12 18 26 
0 11 12 23 26 
0 3 13 23 26 
0 11 13 23 26 
8 11 13 23 26 
3 7 17 23 26 
3 13 17 23 26 
8 13 17 23 26 
0 3 18 23 26 
3 7 18 23 26 
8 11 18 23 26 
0 12 18 23 26 
11 12 18 23 26 
0 6 11 24 26 
0 6 12 24 26 
0 3 13 24 26 
0 11 13 24 26 
8 11 13 24 26 
0 3 18 24 26 
6 11 18 24 26 
8 11 18 24 26 
0 12 18 24 26 
6 12 18 24 26 
8 13 17 25 26 
8 17 23 25 26 
8 18 23 25 26 
3 13 24 25 26 
8 13 24 25 26 
8 18 24 25 26 
2 3 11 20 27 
3 7 11 20 27 
0 3 16 20 27 
3 7 18 20 27 
3 16 18 20 27 
2 11 13 21 27 
0 3 16 21 27 
2 3 16 21 27 
0 3 20 21 27 
2 3 20 21 27 
2 11 20 21 27 
7 11 20 21 27 
0 16 20 21 27 
7 18 20 21 27 
2 3 11 23 27 
3 7 11 23 27 
2 3 13 23 27 
2 11 13 23 27 
3 7 17 23 27 
3 13 17 23 27 
8 13 17 23 27 
2 3 16 24 27 
3 16 18 24 27 
2 3 13 25 27 
8 13 17 25 27 
7 11 21 25 27 
2 13 21 25 27 
11 13 21 25 27 
2 16 21 25 27 
7 18 21 25 27 
7 11 23 25 27 
8 13 23 25 27 
11 13 23 25 27 
8 17 23 25 27 
7 18 23 25 27 
2 3 24 25 27 
2 16 24 25 27 
3 7 17 26 27 
3 13 17 26 27 
3 7 18 26 27 
7 17 23 26 27 
7 18 23 26 27 
3 18 24 26 27 
3 13 25 26 27 
13 17 25 26 27 
3 24 25 26 27 
