5 129
2 3 7 8 15 
2 3 7 14 15 
2 3 8 14 15 
2 5 8 14 15 
3 5 8 14 15 
1 3 11 14 15 
1 5 11 14 15 
3 5 11 14 15 
1 2 3 5 17 
1 2 3 11 17 
1 2 5 11 17 
2 3 5 7 20 
2 5 7 8 20 
3 5 7 8 20 
2 5 8 15 20 
3 5 8 15 20 
2 7 8 15 20 
3 7 8 15 20 
1 5 11 15 20 
3 5 11 15 20 
2 3 7 14 21 
2 5 8 14 21 
1 5 14 15 21 
2 3 5 17 21 
2 5 8 17 21 
2 3 5 20 21 
2 3 7 20 21 
1 5 11 20 21 
3 5 11 20 21 
1 5 15 20 21 
2 5 15 20 21 
2 7 15 20 21 
3 7 15 20 21 
3 11 15 20 21 
1 14 15 20 21 
2 5 8 11 22 
3 5 8 11 22 
3 5 8 14 22 
1 3 11 14 22 
3 5 11 14 22 
2 3 8 11 23 
2 3 8 14 23 
1 5 11 14 23 
2 5 8 17 23 
1 3 11 17 23 
2 3 11 17 23 
1 5 11 17 23 
2 5 11 17 23 
2 3 14 21 23 
1 5 14 21 23 
3 7 14 21 23 
2 8 14 21 23 
5 8 14 21 23 
2 3 17 21 23 
3 7 17 21 23 
2 8 17 21 23 
1 14 20 21 23 
2 5 8 22 23 
1 3 11 22 23 
2 5 11 22 23 
2 8 11 22 23 
3 8 11 22 23 
3 7 14 22 23 
3 8 14 22 23 
5 8 14 22 23 
1 11 14 22 23 
5 11 14 22 23 
7 14 21 22 23 
7 17 21 22 23 
1 3 11 15 24 
1 3 14 15 24 
2 5 14 15 24 
2 7 14 15 24 
3 7 14 15 24 
1 11 15 20 24 
1 14 15 20 24 
1 3 11 21 24 
2 5 14 21 24 
2 7 14 21 24 
2 5 15 21 24 
2 7 15 21 24 
3 7 15 21 24 
3 11 15 21 24 
5 14 15 21 24 
1 11 20 21 24 
11 15 20 21 24 
1 14 20 23 24 
1 20 21 23 24 
1 5 21 23 25 
5 8 21 23 25 
1 3 21 24 25 
3 7 21 24 25 
1 21 23 24 25 
1 3 5 11 27 
1 3 5 17 27 
1 3 11 21 27 
1 5 11 21 27 
3 5 11 21 27 
3 5 17 21 27 
3 7 17 21 27 
5 8 17 21 27 
1 3 14 22 27 
3 7 14 22 27 
7 14 21 22 27 
7 17 21 22 27 
1 3 17 23 27 
1 5 17 23 27 
3 7 17 23 27 
5 8 17 23 27 
8 17 21 23 27 
1 3 22 23 27 
3 7 22 23 27 
1 14 22 23 27 
7 17 22 23 27 
1 3 14 24 27 
3 7 14 24 27 
7 14 21 24 27 
1 14 23 24 27 
1 3 21 25 27 
1 5 21 25 27 
3 7 21 25 27 
5 8 21 25 27 
1 5 23 25 27 
5 8 23 25 27 
8 21 23 25 27 
1 3 24 25 27 
3 7 24 25 27 
7 21 24 25 27 
1 23 24 25 27 
