5 163
1 3 5 6 15 
1 3 6 13 15 
0 3 5 6 17 
1 3 5 9 17 
0 3 6 10 17 
1 3 9 10 17 
3 5 9 10 17 
0 3 10 11 17 
3 5 10 11 17 
1 3 10 13 17 
1 6 10 13 17 
3 6 10 13 17 
1 3 5 15 17 
3 5 6 15 17 
1 5 9 15 17 
1 3 13 15 17 
3 6 13 15 17 
1 6 10 16 17 
2 6 10 16 17 
1 9 10 16 17 
1 6 13 16 17 
2 10 14 16 17 
8 10 14 16 17 
2 6 15 16 17 
1 9 15 16 17 
8 10 15 16 17 
9 10 15 16 17 
1 13 15 16 17 
6 13 15 16 17 
0 1 2 6 19 
0 1 5 6 19 
0 1 5 8 19 
0 1 2 10 19 
1 2 6 10 19 
0 1 8 10 19 
0 3 5 11 19 
1 6 10 16 19 
2 6 10 16 19 
1 9 10 16 19 
1 6 13 16 19 
1 5 9 10 21 
1 5 6 15 21 
1 5 9 15 21 
1 8 10 15 21 
1 9 10 15 21 
2 6 14 16 21 
5 6 14 16 21 
0 3 5 17 21 
0 5 6 17 21 
0 6 10 17 21 
2 6 10 17 21 
5 9 10 17 21 
0 3 11 17 21 
3 5 11 17 21 
0 10 11 17 21 
5 10 11 17 21 
2 10 14 17 21 
8 10 14 17 21 
2 6 15 17 21 
5 6 15 17 21 
5 9 15 17 21 
8 10 15 17 21 
9 10 15 17 21 
2 14 16 17 21 
2 15 16 17 21 
1 6 15 21 22 
2 6 15 21 22 
1 8 15 21 22 
0 2 6 10 25 
1 8 10 15 25 
1 9 10 15 25 
2 6 14 16 25 
5 6 14 16 25 
2 10 14 16 25 
8 10 14 16 25 
8 10 15 16 25 
9 10 15 16 25 
8 14 16 17 25 
8 15 16 17 25 
0 3 5 19 25 
0 2 6 19 25 
0 5 6 19 25 
0 2 10 19 25 
0 8 10 19 25 
1 8 10 19 25 
1 9 10 19 25 
2 6 16 19 25 
2 10 16 19 25 
9 10 16 19 25 
6 13 16 19 25 
9 15 16 19 25 
0 3 5 21 25 
0 5 6 21 25 
0 6 10 21 25 
2 6 10 21 25 
0 8 10 21 25 
2 6 14 21 25 
5 6 14 21 25 
2 10 14 21 25 
8 10 14 21 25 
5 14 16 21 25 
8 14 17 21 25 
8 15 17 21 25 
0 3 21 22 25 
0 8 21 22 25 
8 15 21 22 25 
0 5 8 10 27 
1 5 8 10 27 
0 5 10 11 27 
1 6 13 15 27 
2 6 15 16 27 
1 9 15 16 27 
1 13 15 16 27 
6 13 15 16 27 
1 5 6 19 27 
0 5 8 19 27 
1 5 8 19 27 
0 3 11 19 27 
0 5 11 19 27 
3 5 11 19 27 
1 6 13 19 27 
1 9 16 19 27 
1 13 16 19 27 
9 15 16 19 27 
1 5 6 21 27 
1 5 10 21 27 
0 8 10 21 27 
1 8 10 21 27 
0 3 11 21 27 
3 5 11 21 27 
0 10 11 21 27 
5 10 11 21 27 
2 6 16 21 27 
5 6 16 21 27 
2 15 16 21 27 
1 6 15 22 27 
2 6 15 22 27 
1 8 15 22 27 
0 3 21 22 27 
1 6 21 22 27 
2 6 21 22 27 
0 8 21 22 27 
1 8 21 22 27 
2 15 21 22 27 
1 8 15 25 27 
1 9 15 25 27 
5 6 16 25 27 
6 13 16 25 27 
0 3 19 25 27 
3 5 19 25 27 
5 6 19 25 27 
0 8 19 25 27 
1 8 19 25 27 
1 9 19 25 27 
6 13 19 25 27 
9 15 19 25 27 
13 16 19 25 27 
3 5 21 25 27 
5 16 21 25 27 
0 3 22 25 27 
0 8 22 25 27 
8 15 22 25 27 
3 21 22 25 27 
