5 112
0 1 3 8 15 
0 1 8 11 15 
0 1 3 12 15 
0 1 11 12 15 
0 2 3 8 17 
0 2 3 12 17 
0 2 4 12 17 
2 3 8 12 17 
0 2 4 8 19 
0 4 8 12 19 
2 4 8 12 19 
2 8 12 17 19 
1 3 8 12 21 
0 8 11 12 21 
1 8 11 12 21 
0 2 4 15 21 
0 2 8 15 21 
0 8 11 15 21 
0 11 12 15 21 
0 2 4 15 23 
0 2 8 15 23 
0 3 8 15 23 
1 3 8 15 23 
1 8 11 15 23 
0 3 12 15 23 
1 3 12 15 23 
0 4 12 15 23 
1 11 12 15 23 
0 2 4 17 23 
0 2 8 17 23 
0 3 8 17 23 
1 3 8 17 23 
1 8 11 17 23 
0 3 12 17 23 
1 3 12 17 23 
0 4 12 17 23 
2 4 12 17 23 
2 4 15 21 23 
0 4 12 15 24 
1 3 8 17 24 
1 8 11 17 24 
1 3 12 17 24 
3 8 12 17 24 
0 2 4 19 24 
0 2 8 19 24 
0 4 12 19 24 
2 4 12 19 24 
0 8 12 19 24 
8 11 17 19 24 
1 12 17 19 24 
8 12 17 19 24 
0 2 4 21 24 
0 2 8 21 24 
1 3 8 21 24 
1 8 11 21 24 
1 3 12 21 24 
0 8 12 21 24 
3 8 12 21 24 
1 11 12 21 24 
0 4 15 21 24 
2 8 15 21 24 
8 11 15 21 24 
0 12 15 21 24 
11 12 15 21 24 
1 11 12 23 24 
2 8 15 23 24 
8 11 15 23 24 
4 12 15 23 24 
11 12 15 23 24 
1 11 17 23 24 
11 17 19 23 24 
2 15 21 23 24 
2 8 17 19 26 
8 11 17 19 26 
1 12 17 19 26 
2 12 17 19 26 
2 4 12 23 26 
2 8 17 23 26 
8 11 17 23 26 
1 12 17 23 26 
2 12 17 23 26 
11 17 19 23 26 
2 4 21 23 26 
4 15 21 23 26 
2 4 12 24 26 
1 17 19 24 26 
2 4 21 24 26 
4 15 21 24 26 
1 12 23 24 26 
4 12 23 24 26 
4 15 23 24 26 
1 17 23 24 26 
2 8 19 24 27 
8 11 19 24 27 
1 12 19 24 27 
2 12 19 24 27 
2 8 23 24 27 
8 11 23 24 27 
11 19 23 24 27 
2 21 23 24 27 
2 8 19 26 27 
8 11 19 26 27 
1 12 19 26 27 
2 12 19 26 27 
2 8 23 26 27 
8 11 23 26 27 
11 19 23 26 27 
2 21 23 26 27 
1 12 24 26 27 
2 12 24 26 27 
1 19 24 26 27 
2 21 24 26 27 
