5 124
1 2 3 13 15 
1 3 5 13 15 
1 2 5 13 16 
2 5 8 13 16 
1 2 13 15 16 
1 5 13 15 16 
2 3 7 8 18 
2 3 7 9 18 
2 7 8 13 18 
3 7 8 13 18 
2 7 9 13 18 
1 2 3 16 18 
1 3 5 16 18 
2 3 8 16 18 
3 7 13 16 18 
2 8 13 16 18 
3 8 13 16 18 
1 2 16 18 19 
3 5 16 18 19 
3 7 16 18 19 
2 13 16 18 19 
7 13 16 18 19 
1 2 18 19 20 
1 16 18 19 20 
2 3 9 13 21 
1 2 3 15 21 
1 3 5 15 21 
2 3 13 15 21 
3 7 13 15 21 
7 9 13 15 21 
1 2 15 16 21 
1 5 15 16 21 
3 5 15 16 21 
3 7 15 16 21 
2 13 15 16 21 
9 13 15 16 21 
2 9 13 18 21 
3 5 16 19 21 
3 7 16 19 21 
3 5 18 19 21 
3 7 18 19 22 
2 13 18 19 22 
7 13 18 19 22 
2 18 19 20 22 
7 9 13 18 24 
1 2 16 19 24 
2 13 16 19 24 
1 2 18 20 24 
1 16 18 20 24 
1 2 19 20 24 
1 16 19 20 24 
7 9 15 21 24 
1 2 16 21 24 
2 13 16 21 24 
9 13 16 21 24 
9 15 16 21 24 
1 2 18 21 24 
3 7 18 21 24 
7 9 18 21 24 
2 13 18 21 24 
9 13 18 21 24 
1 16 18 21 24 
3 7 19 21 24 
3 18 19 21 24 
3 7 18 22 24 
2 13 18 22 24 
7 13 18 22 24 
3 7 19 22 24 
2 13 19 22 24 
7 13 19 22 24 
3 18 19 22 24 
2 18 20 22 24 
2 19 20 22 24 
1 2 3 5 25 
2 3 5 8 25 
3 5 8 13 25 
3 5 13 15 25 
3 7 13 15 25 
7 9 13 15 25 
1 2 3 16 25 
1 2 5 16 25 
1 3 5 16 25 
2 3 8 16 25 
2 5 8 16 25 
3 7 13 16 25 
3 8 13 16 25 
5 8 13 16 25 
3 5 15 16 25 
3 7 15 16 25 
5 13 15 16 25 
9 13 15 16 25 
7 13 16 19 25 
7 15 16 21 25 
7 16 19 21 25 
7 9 13 24 25 
7 9 15 24 25 
9 13 16 24 25 
9 15 16 24 25 
7 13 19 24 25 
13 16 19 24 25 
7 15 21 24 25 
7 19 21 24 25 
3 7 9 13 26 
1 2 3 18 26 
1 3 5 18 26 
2 3 9 18 26 
3 7 9 18 26 
1 5 16 18 26 
5 16 18 19 26 
1 2 3 21 26 
1 3 5 21 26 
2 3 9 21 26 
3 7 13 21 26 
3 9 13 21 26 
7 9 13 21 26 
1 5 16 21 26 
1 2 18 21 26 
3 5 18 21 26 
3 7 18 21 26 
2 9 18 21 26 
7 9 18 21 26 
1 16 18 21 26 
5 16 19 21 26 
5 18 19 21 26 
