5 132
0 1 3 7 14 
1 3 6 7 14 
0 1 3 4 15 
0 3 4 12 15 
1 3 4 12 15 
0 4 9 12 15 
1 4 9 12 15 
1 3 6 15 16 
1 3 12 15 16 
3 7 12 15 16 
0 1 3 14 20 
1 3 6 14 20 
0 1 7 14 20 
1 6 7 14 20 
3 6 7 14 20 
0 3 12 14 20 
3 7 12 14 20 
0 1 3 15 20 
0 1 4 15 20 
1 3 6 15 20 
0 4 9 15 20 
1 4 9 15 20 
0 3 12 15 20 
3 7 12 15 20 
0 9 12 15 20 
1 9 12 15 20 
0 1 4 16 20 
0 1 7 16 20 
1 6 7 16 20 
3 6 7 16 20 
1 4 9 16 20 
9 12 14 16 20 
3 6 15 16 20 
3 7 15 16 20 
1 6 15 18 20 
1 12 15 18 20 
7 12 15 18 20 
12 14 16 18 20 
0 3 7 12 21 
0 3 7 14 21 
0 3 12 14 21 
3 7 12 14 21 
0 4 9 16 21 
0 4 9 20 21 
0 9 12 20 21 
0 4 14 20 21 
0 12 14 20 21 
9 12 14 20 21 
4 9 16 20 21 
9 14 16 20 21 
1 3 6 12 22 
0 1 7 12 22 
1 6 7 12 22 
3 6 7 12 22 
1 3 6 16 22 
0 1 7 16 22 
1 6 7 16 22 
3 6 7 16 22 
0 1 12 16 22 
1 3 12 16 22 
3 7 12 16 22 
0 9 12 16 22 
0 7 12 21 22 
0 9 12 21 22 
0 4 16 21 22 
0 9 16 21 22 
9 14 16 21 22 
0 1 4 9 24 
0 1 9 12 24 
0 1 4 16 24 
0 4 9 16 24 
1 4 9 16 24 
0 1 12 16 24 
0 9 12 16 24 
1 6 15 16 24 
1 12 15 16 24 
7 12 15 16 24 
1 6 15 18 24 
1 12 15 18 24 
7 12 15 18 24 
7 15 16 18 24 
6 15 16 20 24 
6 15 18 20 24 
7 12 16 18 25 
1 9 12 20 25 
1 6 16 20 25 
1 9 16 20 25 
9 12 16 20 25 
1 6 18 20 25 
1 12 18 20 25 
12 16 18 20 25 
1 9 12 24 25 
1 6 16 24 25 
1 9 16 24 25 
7 12 16 24 25 
9 12 16 24 25 
1 6 18 24 25 
1 12 18 24 25 
7 12 18 24 25 
7 16 18 24 25 
6 16 20 24 25 
6 18 20 24 25 
9 12 14 16 27 
7 12 16 18 27 
12 14 16 18 27 
7 15 16 18 27 
0 4 14 20 27 
0 7 14 20 27 
7 12 14 20 27 
0 4 16 20 27 
0 7 16 20 27 
7 15 16 20 27 
7 12 18 20 27 
12 14 18 20 27 
7 15 18 20 27 
0 4 14 21 27 
0 7 14 21 27 
7 12 14 21 27 
9 12 14 21 27 
4 14 20 21 27 
4 16 20 21 27 
0 4 16 22 27 
0 7 16 22 27 
7 12 16 22 27 
9 12 16 22 27 
9 14 16 22 27 
0 4 21 22 27 
0 7 21 22 27 
7 12 21 22 27 
9 12 21 22 27 
9 14 21 22 27 
4 16 21 22 27 
