5 215
1 6 11 15 16 
0 1 8 11 17 
1 3 15 16 17 
1 6 15 16 17 
6 11 15 16 17 
10 11 15 16 17 
1 2 3 6 18 
0 1 3 11 18 
1 3 6 11 18 
2 3 6 11 18 
1 2 3 13 18 
1 3 7 13 18 
2 3 7 13 18 
1 7 9 13 18 
0 1 11 17 18 
1 6 11 17 18 
10 15 16 17 18 
0 4 8 11 19 
1 4 14 16 19 
4 11 14 16 19 
6 11 14 16 19 
1 13 14 16 19 
6 14 16 17 19 
1 2 6 11 20 
1 6 11 15 20 
1 2 11 16 20 
2 10 11 16 20 
1 2 13 16 20 
1 3 15 16 20 
1 11 15 16 20 
10 11 15 16 20 
0 1 3 17 20 
1 3 15 17 20 
1 6 15 17 20 
6 11 15 17 20 
10 11 15 17 20 
3 15 16 17 20 
0 1 3 18 20 
1 2 6 18 20 
2 6 11 18 20 
2 10 11 18 20 
10 15 16 18 20 
0 1 17 18 20 
0 4 17 18 20 
1 6 17 18 20 
6 11 17 18 20 
10 11 17 18 20 
10 15 17 18 20 
0 1 4 8 21 
1 2 7 9 21 
1 2 4 10 21 
1 2 7 10 21 
1 2 4 11 21 
1 4 8 11 21 
1 2 9 13 21 
2 7 9 13 21 
1 7 9 16 21 
1 4 10 16 21 
2 4 10 16 21 
1 7 10 16 21 
2 7 10 16 21 
1 2 11 16 21 
2 4 11 16 21 
1 6 11 16 21 
1 2 13 16 21 
2 7 13 16 21 
1 9 13 16 21 
7 9 13 16 21 
0 1 3 17 21 
0 1 8 17 21 
0 4 8 17 21 
1 6 11 17 21 
1 8 11 17 21 
4 8 11 17 21 
1 3 16 17 21 
1 6 16 17 21 
0 1 3 19 21 
0 1 4 19 21 
1 3 16 19 21 
1 4 16 19 21 
4 11 16 19 21 
6 11 16 19 21 
6 16 17 19 21 
3 16 17 20 21 
1 7 9 16 22 
1 7 10 16 22 
2 7 10 16 22 
2 7 13 16 22 
1 9 13 16 22 
7 9 13 16 22 
6 11 16 17 22 
10 11 16 17 22 
1 3 7 18 22 
2 3 7 18 22 
1 7 9 18 22 
0 3 11 18 22 
2 3 11 18 22 
2 10 11 18 22 
1 2 13 18 22 
2 7 13 18 22 
1 9 13 18 22 
7 9 13 18 22 
0 4 17 18 22 
0 11 17 18 22 
10 11 17 18 22 
10 16 17 18 22 
1 2 13 20 22 
2 10 16 20 22 
2 13 16 20 22 
1 2 18 20 22 
0 3 18 20 22 
1 3 18 20 22 
0 4 18 20 22 
2 10 18 20 22 
10 16 18 20 22 
4 17 18 20 22 
1 3 7 10 23 
2 3 7 10 23 
2 3 10 11 23 
0 4 8 17 23 
0 8 11 17 23 
4 8 11 17 23 
0 4 8 19 23 
0 8 11 19 23 
4 8 11 19 23 
1 3 16 19 23 
1 13 16 19 23 
1 3 16 20 23 
1 13 16 20 23 
3 16 19 21 23 
3 16 20 21 23 
1 3 7 22 23 
2 3 7 22 23 
1 7 10 22 23 
2 7 10 22 23 
0 3 11 22 23 
2 3 11 22 23 
2 10 11 22 23 
0 4 17 22 23 
0 11 17 22 23 
6 11 17 22 23 
0 3 20 22 23 
1 3 20 22 23 
0 4 20 22 23 
1 13 20 22 23 
13 16 20 22 23 
4 17 20 22 23 
0 1 3 4 25 
1 3 4 10 25 
0 3 4 11 25 
2 4 10 11 25 
3 4 10 11 25 
1 4 10 16 25 
2 4 10 16 25 
2 4 11 16 25 
2 10 11 16 25 
1 4 14 16 25 
4 11 14 16 25 
6 11 14 16 25 
1 13 14 16 25 
6 14 16 17 25 
0 1 3 19 25 
0 1 4 19 25 
0 4 11 19 25 
1 4 14 19 25 
4 11 14 19 25 
6 11 14 19 25 
1 13 14 19 25 
13 14 16 19 25 
6 14 17 19 25 
1 10 16 22 25 
6 11 16 22 25 
10 11 16 22 25 
1 13 16 22 25 
6 16 17 22 25 
1 3 10 23 25 
0 3 11 23 25 
3 10 11 23 25 
0 3 19 23 25 
1 3 19 23 25 
0 11 19 23 25 
6 11 19 23 25 
1 13 19 23 25 
13 16 19 23 25 
6 17 19 23 25 
1 10 22 23 25 
6 11 22 23 25 
10 11 22 23 25 
1 13 22 23 25 
13 16 22 23 25 
6 17 22 23 25 
0 3 17 20 27 
0 4 17 20 27 
0 3 17 21 27 
0 4 17 21 27 
4 11 17 21 27 
6 11 17 21 27 
0 3 19 21 27 
0 4 19 21 27 
4 11 19 21 27 
6 11 19 21 27 
6 17 19 21 27 
3 17 20 21 27 
4 11 17 23 27 
6 11 17 23 27 
0 3 19 23 27 
0 4 19 23 27 
4 11 19 23 27 
6 11 19 23 27 
6 17 19 23 27 
0 3 20 23 27 
0 4 20 23 27 
4 17 20 23 27 
3 19 21 23 27 
3 20 21 23 27 
