5 169
3 6 7 12 14 
0 6 9 12 14 
3 7 9 12 14 
6 7 9 12 14 
0 2 3 9 16 
2 3 6 9 16 
6 7 9 14 16 
0 6 12 15 16 
3 4 9 14 17 
3 7 9 14 17 
0 2 6 16 17 
0 2 9 16 17 
2 6 9 16 17 
3 4 14 16 17 
3 7 14 16 17 
6 9 14 16 17 
7 9 14 16 17 
6 12 14 16 17 
6 12 15 16 17 
12 13 15 16 17 
3 4 9 12 18 
12 13 14 16 18 
3 4 12 17 18 
0 9 12 17 18 
4 9 12 17 18 
3 12 13 17 18 
12 13 16 17 18 
12 14 16 17 18 
0 2 6 9 20 
3 4 9 14 20 
0 6 9 14 20 
0 6 12 14 20 
0 9 12 14 20 
3 9 12 14 20 
3 12 13 14 20 
3 4 14 15 20 
3 13 14 15 20 
0 2 6 17 20 
0 2 9 17 20 
2 6 9 17 20 
0 6 12 17 20 
3 4 15 17 20 
3 13 15 17 20 
4 14 15 17 20 
13 15 16 17 20 
3 4 9 18 20 
0 9 12 18 20 
3 9 12 18 20 
3 12 13 18 20 
13 14 16 18 20 
3 4 17 18 20 
0 9 17 18 20 
4 9 17 18 20 
0 12 17 18 20 
3 13 17 18 20 
13 16 17 18 20 
0 3 15 16 21 
3 4 15 16 21 
0 6 15 16 21 
4 14 15 16 21 
4 14 15 17 21 
3 4 16 17 21 
3 7 16 17 21 
4 14 16 17 21 
0 2 3 6 22 
3 6 7 9 22 
0 3 6 12 22 
3 6 7 14 22 
3 6 12 14 22 
3 12 13 14 22 
0 3 12 15 22 
3 12 13 15 22 
3 4 14 15 22 
3 13 14 15 22 
0 2 3 16 22 
0 2 6 16 22 
2 3 6 16 22 
3 6 9 16 22 
3 7 9 16 22 
6 7 9 16 22 
0 6 12 16 22 
3 4 14 16 22 
3 7 14 16 22 
6 7 14 16 22 
6 12 14 16 22 
12 13 14 16 22 
0 3 15 16 22 
3 4 15 16 22 
0 12 15 16 22 
12 13 15 16 22 
4 14 15 16 22 
13 14 15 20 22 
13 14 16 20 22 
13 15 16 20 22 
0 3 4 9 23 
0 4 9 12 23 
0 3 4 13 23 
0 4 12 13 23 
3 4 12 13 23 
0 3 9 16 23 
3 7 9 16 23 
3 4 9 17 23 
3 7 9 17 23 
3 4 12 17 23 
0 6 12 17 23 
0 9 12 17 23 
4 9 12 17 23 
3 12 13 17 23 
0 6 16 17 23 
0 9 16 17 23 
7 9 16 17 23 
0 3 16 21 23 
0 6 16 21 23 
3 7 16 21 23 
7 16 17 21 23 
4 9 14 17 24 
6 9 14 17 24 
6 12 14 17 24 
12 14 17 18 24 
4 9 17 20 24 
6 9 17 20 24 
6 12 17 20 24 
4 14 17 20 24 
12 17 18 20 24 
0 3 12 13 25 
0 3 12 15 25 
0 6 12 15 25 
3 12 13 15 25 
3 4 15 17 25 
6 12 15 17 25 
3 13 15 17 25 
12 13 15 17 25 
6 15 16 17 25 
0 3 15 21 25 
3 4 15 21 25 
0 6 15 21 25 
6 15 16 21 25 
3 4 17 21 25 
3 7 17 21 25 
4 15 17 21 25 
0 6 12 23 25 
0 3 13 23 25 
0 12 13 23 25 
3 7 17 23 25 
6 12 17 23 25 
3 13 17 23 25 
12 13 17 23 25 
6 16 17 23 25 
0 3 21 23 25 
0 6 21 23 25 
3 7 21 23 25 
6 16 21 23 25 
7 17 21 23 25 
12 13 14 18 26 
4 9 14 20 26 
6 9 14 20 26 
6 12 14 20 26 
12 13 14 20 26 
12 13 18 20 26 
13 14 18 20 26 
4 9 14 24 26 
6 9 14 24 26 
6 12 14 24 26 
12 14 18 24 26 
4 9 20 24 26 
6 9 20 24 26 
6 12 20 24 26 
4 14 20 24 26 
12 18 20 24 26 
