5 180
4 6 7 9 15 
4 7 9 13 15 
1 6 7 12 18 
1 6 12 14 18 
2 4 6 14 19 
4 6 9 14 19 
6 7 9 14 19 
7 9 13 14 19 
3 4 7 12 21 
4 6 7 12 21 
3 4 8 12 21 
4 6 8 12 21 
2 4 8 14 21 
3 4 8 14 21 
2 6 8 14 21 
3 8 12 14 21 
6 8 12 14 21 
2 4 14 19 21 
4 9 14 19 21 
4 6 7 20 21 
2 4 8 20 21 
2 6 8 20 21 
4 6 8 20 21 
2 4 19 20 21 
4 9 19 20 21 
3 7 12 14 23 
3 4 7 15 23 
3 7 12 15 23 
4 7 13 15 23 
4 9 13 15 23 
7 9 13 15 23 
7 9 13 19 23 
7 12 14 19 23 
7 13 14 19 23 
1 4 6 13 24 
1 4 7 13 24 
1 6 7 13 24 
4 6 9 13 24 
6 7 9 13 24 
1 4 6 14 24 
1 4 7 14 24 
4 6 9 14 24 
6 7 9 14 24 
1 7 12 14 24 
4 7 13 14 24 
4 9 13 14 24 
7 9 13 14 24 
1 6 7 18 24 
1 6 14 18 24 
2 6 14 18 24 
1 12 14 18 24 
3 12 14 18 24 
2 6 14 19 24 
6 7 14 19 24 
7 12 14 19 24 
2 6 19 20 24 
6 7 19 20 24 
2 14 18 21 24 
2 14 19 21 24 
2 6 20 21 24 
1 7 20 21 24 
6 7 20 21 24 
2 19 20 21 24 
3 12 14 23 24 
3 12 15 23 24 
7 12 19 23 24 
12 14 19 23 24 
2 4 6 8 25 
4 6 7 15 25 
4 6 9 15 25 
6 7 9 15 25 
2 4 6 19 25 
4 6 9 19 25 
6 7 9 19 25 
4 6 7 20 25 
2 4 8 20 25 
2 6 8 20 25 
4 6 8 20 25 
2 4 19 20 25 
2 6 19 20 25 
6 7 19 20 25 
4 9 19 20 25 
9 19 20 21 25 
3 4 15 23 25 
4 9 15 23 25 
7 9 15 23 25 
7 12 15 23 25 
7 9 19 23 25 
9 19 21 23 25 
1 7 12 24 25 
1 7 20 24 25 
7 19 20 24 25 
7 12 23 24 25 
12 15 23 24 25 
7 19 23 24 25 
3 4 7 15 26 
3 7 12 15 26 
1 7 12 18 26 
6 7 12 18 26 
2 6 14 18 26 
3 12 14 18 26 
6 12 14 18 26 
3 4 7 21 26 
3 7 12 21 26 
6 7 12 21 26 
3 4 14 21 26 
2 6 14 21 26 
4 9 14 21 26 
3 12 14 21 26 
6 12 14 21 26 
2 14 18 21 26 
1 7 20 21 26 
4 7 20 21 26 
4 9 20 21 26 
3 4 14 23 26 
4 9 14 23 26 
9 14 21 23 26 
3 12 15 24 26 
2 6 18 24 26 
1 7 18 24 26 
6 7 18 24 26 
1 12 18 24 26 
3 12 18 24 26 
3 14 18 24 26 
2 6 21 24 26 
1 7 21 24 26 
6 7 21 24 26 
2 18 21 24 26 
1 20 21 24 26 
3 14 23 24 26 
3 15 23 24 26 
1 7 12 25 26 
3 4 15 25 26 
4 7 15 25 26 
7 12 15 25 26 
1 7 20 25 26 
4 7 20 25 26 
4 9 20 25 26 
9 20 21 25 26 
3 4 23 25 26 
4 9 23 25 26 
3 15 23 25 26 
9 21 23 25 26 
1 12 24 25 26 
12 15 24 25 26 
1 20 24 25 26 
1 2 4 6 27 
1 2 4 8 27 
1 2 6 8 27 
1 4 7 8 27 
3 4 7 8 27 
1 6 8 12 27 
1 7 8 12 27 
3 7 8 12 27 
1 4 6 14 27 
2 4 6 14 27 
1 4 7 14 27 
2 4 8 14 27 
3 4 8 14 27 
2 6 8 14 27 
1 6 12 14 27 
1 7 12 14 27 
3 7 12 14 27 
3 8 12 14 27 
6 8 12 14 27 
4 7 13 14 27 
4 9 13 14 27 
9 13 14 19 27 
9 14 19 21 27 
3 4 7 23 27 
4 7 13 23 27 
4 9 13 23 27 
3 4 14 23 27 
3 7 14 23 27 
4 9 14 23 27 
7 13 14 23 27 
9 13 19 23 27 
13 14 19 23 27 
9 14 21 23 27 
9 19 21 23 27 
