5 136
3 4 5 7 14 
0 3 4 6 18 
0 3 6 9 18 
0 4 6 11 18 
0 6 9 11 18 
3 6 9 11 18 
3 4 6 14 18 
4 6 13 14 18 
3 4 6 7 21 
3 5 6 7 21 
3 5 6 11 21 
4 6 7 13 21 
5 6 7 13 21 
2 3 5 14 21 
3 4 6 14 21 
3 4 7 14 21 
3 5 7 14 21 
4 6 13 14 21 
5 6 13 14 21 
4 7 13 14 21 
5 7 13 14 21 
4 5 6 11 22 
4 5 6 13 22 
4 5 7 13 22 
5 6 13 14 23 
5 6 14 18 23 
0 3 14 21 23 
2 3 14 21 23 
0 9 11 22 23 
0 3 4 14 24 
0 3 4 18 24 
0 3 9 18 24 
0 4 11 18 24 
3 6 11 18 24 
4 6 11 18 24 
0 9 11 18 24 
3 9 11 18 24 
4 6 13 18 24 
3 4 14 18 24 
3 6 14 18 24 
5 6 14 18 24 
4 13 14 18 24 
2 3 5 21 24 
3 5 11 21 24 
3 6 11 21 24 
5 6 11 21 24 
0 3 14 21 24 
2 5 14 21 24 
3 6 14 21 24 
5 6 14 21 24 
0 4 11 22 24 
4 6 11 22 24 
0 9 11 22 24 
4 6 13 22 24 
2 3 5 23 24 
0 3 9 23 24 
3 5 11 23 24 
5 6 11 23 24 
3 9 11 23 24 
2 5 14 23 24 
5 6 18 23 24 
5 14 18 23 24 
0 3 21 23 24 
2 3 21 23 24 
2 14 21 23 24 
0 9 22 23 24 
0 21 22 23 24 
2 3 4 5 26 
2 3 4 11 26 
2 4 5 11 26 
0 3 4 14 26 
2 3 5 14 26 
3 4 5 14 26 
4 5 7 14 26 
4 7 13 14 26 
5 7 13 14 26 
4 5 7 22 26 
0 4 11 22 26 
4 5 11 22 26 
5 6 11 22 26 
5 6 13 22 26 
4 7 13 22 26 
5 7 13 22 26 
0 3 14 23 26 
2 3 14 23 26 
2 5 14 23 26 
5 13 14 23 26 
0 14 21 23 26 
0 11 22 23 26 
9 11 22 23 26 
0 21 22 23 26 
0 4 14 24 26 
4 13 14 24 26 
0 14 21 24 26 
0 4 22 24 26 
6 11 22 24 26 
9 11 22 24 26 
4 13 22 24 26 
6 13 22 24 26 
0 21 22 24 26 
6 11 23 24 26 
9 11 23 24 26 
9 22 23 24 26 
0 3 4 11 27 
2 3 5 11 27 
0 3 9 11 27 
6 13 14 18 27 
2 3 5 23 27 
0 3 9 23 27 
3 5 11 23 27 
5 6 11 23 27 
0 9 11 23 27 
3 9 11 23 27 
5 6 13 23 27 
6 13 14 23 27 
6 14 18 23 27 
6 13 18 24 27 
13 14 18 24 27 
6 18 23 24 27 
0 3 4 26 27 
2 3 11 26 27 
0 4 11 26 27 
3 4 11 26 27 
2 5 11 26 27 
5 6 11 26 27 
5 6 13 26 27 
0 3 23 26 27 
2 3 23 26 27 
2 5 23 26 27 
0 11 23 26 27 
6 11 23 26 27 
5 13 23 26 27 
13 14 23 26 27 
6 13 24 26 27 
13 14 24 26 27 
6 23 24 26 27 
