5 147
0 2 6 14 16 
2 6 9 14 16 
0 5 11 14 16 
1 2 12 14 16 
1 9 12 14 16 
2 9 12 14 16 
0 2 6 9 17 
0 2 5 11 17 
0 2 5 13 17 
0 2 9 13 17 
2 5 11 13 17 
2 9 11 13 17 
0 2 6 14 17 
0 6 9 14 17 
2 6 9 14 17 
1 2 12 14 17 
2 9 12 14 17 
0 9 13 14 19 
1 2 11 16 19 
0 2 14 16 19 
1 2 14 16 19 
0 13 14 16 19 
0 2 11 17 19 
0 5 11 17 19 
0 5 13 17 19 
0 9 13 17 19 
5 11 13 17 19 
9 11 13 17 19 
0 2 14 17 19 
1 2 14 17 19 
0 9 14 17 19 
9 12 14 17 19 
0 1 2 6 20 
0 1 6 9 20 
0 1 2 11 20 
0 1 9 11 20 
1 2 6 12 20 
1 6 9 12 20 
2 6 9 12 20 
0 2 6 16 20 
0 6 9 16 20 
2 6 9 16 20 
1 2 11 16 20 
0 5 11 16 20 
0 9 11 16 20 
1 9 11 16 20 
1 2 12 16 20 
1 9 12 16 20 
2 9 12 16 20 
0 5 14 16 20 
0 13 14 16 20 
13 14 16 19 20 
1 9 12 14 21 
2 9 11 17 21 
1 2 12 17 21 
2 9 12 17 21 
1 12 14 17 21 
1 2 11 19 21 
9 11 13 19 21 
9 12 14 19 21 
9 13 14 19 21 
1 11 16 19 21 
1 2 17 19 21 
2 11 17 19 21 
9 11 17 19 21 
9 12 17 19 21 
12 14 17 19 21 
0 5 13 14 22 
5 11 13 14 22 
5 11 14 16 22 
0 2 11 19 22 
0 5 11 19 22 
0 5 13 19 22 
5 11 13 19 22 
0 2 16 19 22 
2 11 16 19 22 
0 13 16 19 22 
0 2 11 20 22 
0 5 11 20 22 
0 5 14 20 22 
0 13 14 20 22 
0 2 16 20 22 
2 11 16 20 22 
5 11 16 20 22 
0 13 16 20 22 
5 14 16 20 22 
13 14 19 20 22 
13 16 19 20 22 
0 6 14 16 23 
0 11 14 21 23 
1 11 14 21 23 
0 11 16 21 23 
1 11 16 21 23 
0 14 16 21 23 
0 5 11 13 25 
0 9 11 13 25 
0 6 9 14 25 
0 5 11 14 25 
1 9 11 14 25 
0 5 13 14 25 
0 9 13 14 25 
5 11 13 14 25 
9 11 13 14 25 
0 6 9 16 25 
0 9 11 16 25 
1 9 11 16 25 
1 9 14 16 25 
6 9 14 16 25 
1 14 16 19 25 
1 14 17 19 25 
1 14 17 21 25 
1 16 19 21 25 
1 17 19 21 25 
0 6 14 23 25 
0 11 14 23 25 
1 11 14 23 25 
0 6 16 23 25 
0 11 16 23 25 
1 11 16 23 25 
6 14 16 23 25 
1 14 21 23 25 
1 16 21 23 25 
1 2 9 11 27 
1 2 9 12 27 
1 9 11 14 27 
9 11 13 14 27 
0 11 14 16 27 
1 2 11 21 27 
2 9 11 21 27 
1 2 12 21 27 
1 9 12 21 27 
2 9 12 21 27 
9 11 13 21 27 
1 9 14 21 27 
0 11 14 21 27 
1 11 14 21 27 
9 13 14 21 27 
0 11 16 21 27 
0 14 16 21 27 
11 13 19 21 27 
13 14 19 21 27 
11 16 19 21 27 
11 13 14 22 27 
11 14 16 22 27 
11 13 19 22 27 
13 14 19 22 27 
11 16 19 22 27 
