5 210
3 4 13 14 15 
3 11 13 14 15 
0 7 8 11 17 
0 7 8 13 17 
7 8 13 14 19 
1 3 4 11 21 
1 4 10 11 21 
0 6 10 11 21 
3 4 11 13 21 
4 10 11 13 21 
9 11 14 15 21 
1 9 11 16 21 
1 10 11 16 21 
6 10 11 16 21 
8 11 15 16 21 
9 11 15 16 21 
0 1 9 10 22 
0 6 9 10 22 
1 3 9 11 22 
0 6 9 11 22 
6 9 10 11 22 
0 1 9 12 22 
1 3 9 12 22 
0 9 11 13 22 
3 9 11 13 22 
0 9 12 13 22 
3 9 12 13 22 
0 1 10 14 22 
0 6 10 14 22 
1 9 10 14 22 
1 3 11 14 22 
0 6 11 14 22 
1 9 11 14 22 
6 10 11 14 22 
9 10 11 14 22 
0 1 12 14 22 
1 3 12 14 22 
0 8 13 14 22 
7 8 13 14 22 
0 11 13 14 22 
3 11 13 14 22 
3 12 13 14 22 
7 8 11 13 23 
7 8 11 19 23 
7 8 13 19 23 
7 11 13 19 23 
8 11 14 19 23 
9 11 14 19 23 
4 13 14 19 23 
8 13 14 19 23 
4 14 15 19 23 
0 1 4 10 24 
0 7 10 11 24 
0 1 4 12 24 
1 3 4 12 24 
0 4 10 13 24 
0 7 10 13 24 
7 10 11 13 24 
0 1 10 14 24 
1 9 10 14 24 
1 3 11 14 24 
1 9 11 14 24 
0 1 12 14 24 
1 3 12 14 24 
3 4 13 15 24 
3 11 13 15 24 
3 4 14 15 24 
3 11 14 15 24 
1 9 10 16 24 
0 6 10 17 24 
0 6 11 17 24 
0 7 11 17 24 
0 7 13 17 24 
6 10 16 17 24 
7 8 11 19 24 
7 11 13 19 24 
7 8 14 19 24 
4 13 14 19 24 
7 13 14 19 24 
8 11 15 19 24 
4 13 15 19 24 
11 13 15 19 24 
4 14 15 19 24 
1 3 4 21 24 
1 4 10 21 24 
0 6 10 21 24 
1 3 11 21 24 
0 6 11 21 24 
1 9 11 21 24 
0 10 11 21 24 
3 4 13 21 24 
4 10 13 21 24 
3 11 13 21 24 
10 11 13 21 24 
9 11 14 21 24 
8 11 15 21 24 
11 14 15 21 24 
1 9 16 21 24 
1 10 16 21 24 
6 10 16 21 24 
6 11 16 21 24 
8 11 16 21 24 
8 15 16 21 24 
7 8 14 22 24 
8 14 19 22 24 
1 9 10 11 25 
9 10 11 15 25 
1 9 10 16 25 
1 9 11 16 25 
1 10 11 16 25 
6 10 11 16 25 
6 10 15 16 25 
9 10 15 16 25 
8 11 15 16 25 
9 11 15 16 25 
6 11 16 24 25 
8 11 16 24 25 
8 15 16 24 25 
6 16 17 24 25 
0 4 12 13 26 
3 4 12 13 26 
0 6 10 14 26 
0 6 11 14 26 
0 8 11 14 26 
6 10 11 14 26 
9 10 11 14 26 
3 4 13 14 26 
3 12 13 14 26 
9 10 11 15 26 
6 10 15 16 26 
9 10 15 16 26 
0 6 10 17 26 
0 6 11 17 26 
0 8 11 17 26 
7 8 11 17 26 
0 8 13 17 26 
7 8 13 17 26 
6 10 16 17 26 
8 11 14 19 26 
9 11 14 19 26 
8 11 15 19 26 
9 11 15 19 26 
9 14 15 21 26 
9 15 16 21 26 
0 8 13 22 26 
7 8 13 22 26 
0 12 13 22 26 
0 8 14 22 26 
0 12 14 22 26 
7 13 14 22 26 
12 13 14 22 26 
8 14 19 22 26 
7 8 11 24 26 
0 4 12 24 26 
3 4 12 24 26 
0 4 13 24 26 
3 4 14 24 26 
0 10 14 24 26 
9 10 14 24 26 
0 12 14 24 26 
3 12 14 24 26 
4 13 14 24 26 
7 13 14 24 26 
9 10 16 24 26 
0 10 17 24 26 
6 11 17 24 26 
7 11 17 24 26 
0 13 17 24 26 
7 13 17 24 26 
10 16 17 24 26 
8 15 19 24 26 
9 14 21 24 26 
9 16 21 24 26 
7 8 22 24 26 
7 14 22 24 26 
8 19 22 24 26 
6 10 11 25 26 
6 10 15 25 26 
8 11 15 25 26 
10 11 15 25 26 
6 15 16 25 26 
6 16 17 25 26 
6 11 24 25 26 
8 11 24 25 26 
8 15 24 25 26 
6 17 24 25 26 
0 8 11 13 27 
0 8 11 14 27 
0 8 13 14 27 
0 11 13 14 27 
9 11 14 15 27 
4 13 14 15 27 
11 13 14 15 27 
9 11 15 19 27 
4 13 15 19 27 
11 13 15 19 27 
8 11 13 23 27 
8 11 14 23 27 
9 11 14 23 27 
4 13 14 23 27 
8 13 14 23 27 
4 14 15 23 27 
9 11 19 23 27 
4 13 19 23 27 
11 13 19 23 27 
9 14 19 23 27 
4 15 19 23 27 
9 14 15 26 27 
9 14 19 26 27 
9 15 19 26 27 
