5 154
0 2 3 13 15 
1 2 3 9 17 
1 2 5 9 17 
2 3 5 9 17 
2 3 5 13 17 
3 5 9 15 17 
2 3 10 15 17 
0 2 12 15 17 
0 10 12 15 17 
2 10 12 15 17 
0 2 13 15 17 
2 3 13 15 17 
0 5 13 15 17 
3 5 13 15 17 
2 5 10 11 18 
0 5 15 16 21 
2 10 11 17 21 
0 5 15 17 21 
3 9 15 17 21 
5 9 15 17 21 
3 10 15 17 21 
2 5 10 18 21 
3 5 10 18 21 
2 10 11 18 21 
0 2 5 11 22 
0 2 10 11 22 
0 5 10 11 22 
3 5 10 18 22 
2 5 11 18 22 
5 10 11 18 22 
3 5 9 21 22 
3 9 15 21 22 
1 5 18 21 22 
3 5 18 21 22 
0 2 10 12 23 
0 2 5 13 23 
1 2 5 17 23 
0 5 10 17 23 
2 10 11 17 23 
0 2 12 17 23 
0 10 12 17 23 
2 10 12 17 23 
0 2 13 17 23 
0 5 13 17 23 
2 5 13 17 23 
1 2 5 21 23 
3 10 15 21 23 
10 11 17 21 23 
10 15 17 21 23 
1 5 18 21 23 
2 5 18 21 23 
3 10 18 21 23 
2 11 18 21 23 
10 11 18 21 23 
0 2 5 22 23 
0 2 10 22 23 
0 5 10 22 23 
2 10 11 22 23 
1 5 15 22 23 
3 10 15 22 23 
5 10 15 22 23 
1 5 18 22 23 
2 5 18 22 23 
3 10 18 22 23 
2 11 18 22 23 
10 11 18 22 23 
3 15 21 22 23 
3 18 21 22 23 
0 3 5 10 24 
0 2 3 12 24 
0 3 10 12 24 
2 3 10 12 24 
0 3 5 13 24 
0 2 3 15 24 
3 5 9 15 24 
2 3 10 15 24 
0 5 10 15 24 
0 2 12 15 24 
0 10 12 15 24 
2 10 12 15 24 
0 3 13 15 24 
0 5 13 15 24 
3 5 13 15 24 
1 5 15 21 24 
5 9 15 21 24 
3 5 9 22 24 
3 5 10 22 24 
1 5 15 22 24 
3 9 15 22 24 
3 10 15 22 24 
5 10 15 22 24 
1 5 21 22 24 
5 9 21 22 24 
9 15 21 22 24 
1 18 21 22 24 
1 18 21 23 24 
1 15 22 23 24 
1 18 22 23 24 
1 3 5 9 25 
1 2 3 10 25 
1 2 5 10 25 
1 3 5 10 25 
1 2 3 17 25 
1 3 9 17 25 
1 5 9 17 25 
2 3 10 17 25 
3 5 9 21 25 
2 5 10 21 25 
3 5 10 21 25 
0 5 16 21 25 
2 5 16 21 25 
2 11 16 21 25 
0 15 16 21 25 
0 5 17 21 25 
3 9 17 21 25 
5 9 17 21 25 
2 10 17 21 25 
3 10 17 21 25 
2 11 17 21 25 
0 15 17 21 25 
0 5 10 15 27 
0 5 15 16 27 
0 5 10 17 27 
0 10 15 17 27 
1 2 5 21 27 
1 5 15 21 27 
2 5 16 21 27 
2 11 16 21 27 
5 15 16 21 27 
1 5 15 23 27 
5 10 15 23 27 
1 2 17 23 27 
1 5 17 23 27 
5 10 17 23 27 
2 11 17 23 27 
10 15 17 23 27 
1 2 21 23 27 
2 11 21 23 27 
11 17 21 23 27 
1 15 21 24 27 
1 15 23 24 27 
1 21 23 24 27 
1 2 5 25 27 
0 5 16 25 27 
2 5 16 25 27 
2 11 16 25 27 
0 15 16 25 27 
1 2 17 25 27 
0 5 17 25 27 
1 5 17 25 27 
2 11 17 25 27 
0 15 17 25 27 
11 16 21 25 27 
11 17 21 25 27 
