5 178
0 1 2 6 15 
0 1 3 6 15 
0 3 6 7 15 
1 3 6 7 15 
1 2 6 8 15 
0 6 7 8 15 
1 6 7 8 15 
0 7 8 12 17 
0 1 3 15 18 
0 3 7 15 18 
1 3 7 15 18 
0 7 8 15 18 
1 7 8 15 18 
0 8 12 15 18 
1 3 7 16 18 
1 7 8 16 18 
0 1 10 16 18 
0 10 11 16 18 
0 3 7 17 18 
0 7 8 17 18 
0 8 12 17 18 
7 8 12 17 18 
0 1 10 11 19 
1 7 10 11 19 
0 1 3 18 19 
0 1 10 18 19 
0 10 11 18 19 
0 3 17 18 19 
0 6 17 18 19 
0 1 7 10 20 
0 7 10 11 20 
0 1 10 16 20 
0 10 11 16 20 
3 7 16 18 20 
7 8 16 18 20 
1 3 7 19 20 
1 7 10 19 20 
7 10 11 19 20 
1 3 18 19 20 
0 6 18 19 20 
1 10 18 19 20 
0 11 18 19 20 
10 11 18 19 20 
3 17 18 19 20 
0 1 3 11 21 
0 3 7 11 21 
1 3 7 11 21 
0 1 3 19 21 
0 3 7 19 21 
1 3 7 19 21 
0 1 11 19 21 
1 7 11 19 21 
0 6 8 20 21 
0 7 11 20 21 
0 7 12 20 21 
0 8 12 20 21 
7 8 12 20 21 
0 6 19 20 21 
7 8 19 20 21 
0 11 19 20 21 
7 11 19 20 21 
0 3 7 17 22 
0 7 12 17 22 
0 12 15 18 22 
0 6 17 18 22 
3 7 17 18 22 
0 12 17 18 22 
7 12 17 18 22 
0 3 7 19 22 
0 3 17 19 22 
0 6 17 19 22 
6 17 18 19 22 
3 7 18 20 22 
3 17 18 20 22 
3 7 19 20 22 
3 17 19 20 22 
0 1 2 8 23 
0 2 6 8 23 
0 1 7 12 23 
0 1 8 12 23 
1 7 8 12 23 
1 3 7 16 23 
1 3 16 18 23 
1 10 16 18 23 
0 1 2 20 23 
0 2 6 20 23 
0 1 7 20 23 
1 3 7 20 23 
1 2 8 20 23 
0 6 8 20 23 
2 6 8 20 23 
0 7 12 20 23 
0 8 12 20 23 
7 8 12 20 23 
1 3 18 20 23 
1 10 18 20 23 
3 16 18 20 23 
0 1 2 15 24 
0 2 6 15 24 
1 2 8 15 24 
0 6 8 15 24 
2 6 8 15 24 
0 8 12 15 24 
7 8 12 18 24 
0 1 15 18 24 
1 8 15 18 24 
0 11 15 18 24 
8 12 15 18 24 
0 1 16 18 24 
1 8 16 18 24 
0 11 16 18 24 
0 1 2 20 24 
0 2 6 20 24 
1 2 8 20 24 
2 6 8 20 24 
0 1 16 20 24 
0 6 16 20 24 
1 8 16 20 24 
7 8 18 20 24 
8 16 18 20 24 
7 8 19 20 24 
0 6 8 21 24 
0 7 12 21 24 
0 8 12 21 24 
7 8 12 21 24 
0 6 19 21 24 
0 7 19 21 24 
7 8 19 21 24 
6 8 20 21 24 
8 19 20 21 24 
0 7 12 22 24 
0 12 15 22 24 
7 12 18 22 24 
12 15 18 22 24 
0 7 19 22 24 
7 18 20 22 24 
7 19 20 22 24 
1 7 8 16 26 
0 11 15 18 26 
10 11 16 18 26 
0 6 16 20 26 
3 7 16 20 26 
1 8 16 20 26 
7 8 16 20 26 
1 10 16 20 26 
0 11 16 20 26 
10 11 16 20 26 
0 6 18 20 26 
0 11 18 20 26 
10 11 18 20 26 
6 18 19 20 26 
6 19 20 21 26 
0 6 18 22 26 
0 15 18 22 26 
0 6 19 22 26 
6 18 19 22 26 
1 7 8 23 26 
1 7 16 23 26 
3 7 16 23 26 
1 10 16 23 26 
10 16 18 23 26 
3 7 20 23 26 
1 8 20 23 26 
7 8 20 23 26 
1 10 20 23 26 
3 16 20 23 26 
10 18 20 23 26 
0 11 15 24 26 
0 6 16 24 26 
0 11 16 24 26 
11 15 18 24 26 
11 16 18 24 26 
0 6 19 24 26 
6 16 20 24 26 
6 19 21 24 26 
6 20 21 24 26 
0 15 22 24 26 
0 19 22 24 26 
