5 160
0 3 6 7 14 
0 3 6 11 14 
0 3 7 11 14 
1 3 6 12 14 
3 4 6 9 16 
3 4 7 9 16 
3 6 7 9 16 
4 6 7 9 19 
5 6 7 16 19 
4 7 9 16 19 
6 7 9 16 19 
5 7 11 16 19 
1 3 4 7 20 
1 4 6 7 20 
1 5 6 7 20 
1 3 4 8 20 
1 5 6 12 20 
5 6 11 16 20 
4 6 7 19 20 
5 6 7 19 20 
4 6 9 19 20 
0 7 11 19 20 
5 7 11 19 20 
5 6 16 19 20 
0 7 16 19 20 
4 7 16 19 20 
4 9 16 19 20 
6 9 16 19 20 
5 11 16 19 20 
3 4 7 14 22 
0 6 7 14 22 
3 6 7 14 22 
0 6 11 14 22 
3 4 7 16 22 
0 7 11 19 22 
0 7 16 19 22 
7 11 16 19 22 
6 9 16 20 22 
6 11 16 20 22 
0 11 19 20 22 
11 16 19 20 22 
1 3 5 7 23 
1 4 6 8 23 
3 5 6 11 23 
3 5 7 11 23 
1 3 5 12 23 
3 5 6 12 23 
3 4 7 14 23 
3 6 11 14 23 
0 7 11 14 23 
3 7 11 14 23 
1 3 12 14 23 
3 6 12 14 23 
1 4 6 20 23 
1 3 7 20 23 
3 4 7 20 23 
1 5 7 20 23 
1 3 8 20 23 
1 4 8 20 23 
3 4 8 20 23 
4 6 9 20 23 
5 6 11 20 23 
0 7 11 20 23 
5 7 11 20 23 
1 5 12 20 23 
1 6 12 20 23 
5 6 12 20 23 
0 7 16 20 23 
4 7 16 20 23 
4 9 16 20 23 
0 16 19 20 23 
0 7 14 22 23 
4 7 14 22 23 
6 9 14 22 23 
0 11 14 22 23 
6 11 14 22 23 
1 3 16 22 23 
3 4 16 22 23 
0 7 16 22 23 
4 7 16 22 23 
0 16 19 22 23 
6 9 20 22 23 
0 11 20 22 23 
6 11 20 22 23 
9 14 20 22 23 
0 19 20 22 23 
0 6 7 11 24 
5 6 7 11 24 
1 6 12 14 24 
3 6 7 16 24 
5 6 7 16 24 
5 6 11 16 24 
5 7 11 16 24 
0 6 7 22 24 
3 6 7 22 24 
0 6 11 22 24 
0 7 11 22 24 
1 3 16 22 24 
3 7 16 22 24 
6 9 16 22 24 
6 11 16 22 24 
7 11 16 22 24 
9 14 20 22 24 
9 16 20 22 24 
1 3 14 23 24 
3 4 14 23 24 
6 9 14 23 24 
1 12 14 23 24 
6 12 14 23 24 
6 9 16 23 24 
6 12 16 23 24 
9 14 20 23 24 
9 16 20 23 24 
1 3 22 23 24 
3 4 22 23 24 
1 3 6 8 26 
1 3 6 14 26 
3 4 14 22 26 
3 6 14 22 26 
6 9 14 22 26 
4 14 22 23 26 
1 3 8 24 26 
1 6 8 24 26 
3 6 8 24 26 
1 3 14 24 26 
3 4 14 24 26 
1 6 14 24 26 
6 9 14 24 26 
3 4 22 24 26 
3 6 22 24 26 
6 9 22 24 26 
9 14 22 24 26 
4 14 23 24 26 
4 22 23 24 26 
3 4 6 8 27 
3 4 6 16 27 
4 6 9 16 27 
1 3 8 23 27 
3 4 8 23 27 
1 6 8 23 27 
4 6 8 23 27 
4 6 9 23 27 
1 6 12 23 27 
1 3 16 23 27 
3 4 16 23 27 
4 9 16 23 27 
6 9 16 23 27 
6 12 16 23 27 
1 16 22 23 27 
1 3 8 24 27 
1 6 8 24 27 
3 6 8 24 27 
1 6 12 24 27 
1 3 16 24 27 
3 6 16 24 27 
6 12 16 24 27 
1 16 22 24 27 
1 12 23 24 27 
12 16 23 24 27 
1 22 23 24 27 
