5 154
5 7 9 14 17 
1 5 7 9 19 
1 2 5 9 20 
1 5 6 19 20 
1 5 9 19 20 
2 5 9 19 20 
2 5 15 19 20 
5 6 15 19 20 
2 9 15 19 20 
4 9 15 19 20 
1 5 6 7 23 
5 6 7 8 23 
1 6 7 9 23 
2 5 14 17 23 
5 7 14 17 23 
4 9 14 17 23 
7 9 14 17 23 
1 5 6 19 23 
1 5 7 19 23 
5 6 8 19 23 
2 5 9 19 23 
1 7 9 19 23 
5 7 9 19 23 
4 9 15 19 23 
2 14 17 19 23 
4 9 15 20 23 
4 15 19 20 23 
2 5 14 18 24 
1 6 14 18 24 
5 6 14 18 24 
1 6 19 20 24 
6 8 19 20 24 
1 9 19 20 24 
4 9 19 20 24 
4 9 14 23 24 
7 9 14 23 24 
4 9 20 23 24 
7 9 20 23 24 
4 19 20 23 24 
1 4 6 9 25 
1 4 9 14 25 
1 6 9 14 25 
5 6 9 14 25 
5 7 9 14 25 
5 6 8 19 25 
2 5 15 19 25 
5 6 15 19 25 
2 9 15 19 25 
2 5 15 20 25 
5 6 15 20 25 
2 9 15 20 25 
6 8 19 20 25 
6 15 19 20 25 
2 5 9 23 25 
5 7 9 23 25 
2 5 14 23 25 
5 7 14 23 25 
2 9 19 23 25 
2 14 19 23 25 
9 15 19 23 25 
7 9 20 23 25 
9 15 20 23 25 
1 4 6 24 25 
5 6 8 24 25 
1 4 14 24 25 
2 5 14 24 25 
1 6 14 24 25 
5 6 14 24 25 
4 9 14 24 25 
7 9 14 24 25 
2 14 18 24 25 
2 5 19 24 25 
5 8 19 24 25 
7 14 23 24 25 
7 20 23 24 25 
1 2 4 6 26 
1 2 5 6 26 
1 2 4 9 26 
2 4 6 9 26 
2 5 6 9 26 
1 2 5 20 26 
1 5 6 20 26 
1 2 9 20 26 
1 4 6 24 26 
1 4 9 24 26 
1 6 20 24 26 
6 8 20 24 26 
1 9 20 24 26 
7 9 20 24 26 
8 19 20 24 26 
2 5 9 25 26 
4 6 9 25 26 
5 6 9 25 26 
2 5 20 25 26 
5 6 20 25 26 
6 8 20 25 26 
2 9 20 25 26 
7 9 20 25 26 
8 19 20 25 26 
4 6 24 25 26 
6 8 24 25 26 
4 9 24 25 26 
7 9 24 25 26 
8 19 24 25 26 
7 20 24 25 26 
5 6 8 9 27 
5 7 8 9 27 
6 7 8 9 27 
1 4 9 14 27 
1 6 9 14 27 
5 6 9 14 27 
5 7 9 17 27 
2 5 14 17 27 
4 9 14 17 27 
5 9 14 17 27 
2 5 14 18 27 
1 6 14 18 27 
5 6 14 18 27 
2 14 17 19 27 
5 7 8 23 27 
6 7 8 23 27 
1 6 9 23 27 
6 7 9 23 27 
2 5 17 23 27 
5 7 17 23 27 
4 9 17 23 27 
7 9 17 23 27 
4 14 17 23 27 
2 5 19 23 27 
1 6 19 23 27 
5 8 19 23 27 
6 8 19 23 27 
1 9 19 23 27 
4 9 19 23 27 
2 17 19 23 27 
5 6 8 24 27 
1 4 9 24 27 
1 4 14 24 27 
2 5 18 24 27 
1 6 18 24 27 
5 6 18 24 27 
1 14 18 24 27 
2 5 19 24 27 
1 6 19 24 27 
5 8 19 24 27 
6 8 19 24 27 
1 9 19 24 27 
4 9 19 24 27 
4 14 23 24 27 
4 19 23 24 27 
2 14 18 25 27 
2 14 19 25 27 
2 18 24 25 27 
2 19 24 25 27 
