5 192
1 2 6 8 16 
0 3 5 7 18 
1 2 3 16 18 
1 2 6 16 18 
2 6 8 16 18 
1 6 10 16 18 
0 1 6 8 19 
1 2 3 16 19 
1 2 8 16 19 
1 6 8 16 19 
1 6 10 16 19 
0 1 6 17 19 
1 6 10 17 19 
0 2 3 18 19 
0 3 7 18 19 
0 5 7 18 19 
1 3 16 18 19 
2 3 16 18 19 
2 8 16 18 19 
6 8 16 18 19 
6 10 16 18 19 
10 16 17 18 19 
0 1 10 12 20 
1 6 10 12 20 
2 8 18 19 20 
0 1 2 3 21 
0 1 3 7 21 
0 1 2 8 21 
0 2 6 8 21 
1 3 7 12 21 
0 1 7 17 21 
0 5 7 17 21 
0 2 3 19 21 
1 2 3 19 21 
0 2 6 19 21 
0 3 7 19 21 
0 5 7 19 21 
0 1 8 19 21 
1 2 8 19 21 
0 6 8 19 21 
2 6 8 19 21 
0 1 17 19 21 
0 5 17 19 21 
1 10 17 19 21 
10 16 17 19 21 
0 3 5 12 22 
0 5 7 12 22 
3 5 7 12 22 
0 6 10 12 22 
1 2 3 18 22 
1 2 14 18 22 
2 8 14 18 22 
1 10 14 18 22 
1 3 17 18 22 
1 10 17 18 22 
0 2 6 19 22 
0 2 17 19 22 
0 6 17 19 22 
6 10 17 19 22 
10 17 18 19 22 
0 1 10 20 22 
1 6 10 20 22 
1 6 12 20 22 
0 10 12 20 22 
6 10 12 20 22 
0 1 15 20 22 
0 2 15 20 22 
1 3 15 20 22 
2 8 18 20 22 
8 14 18 20 22 
2 8 19 20 22 
2 15 19 20 22 
1 7 17 21 23 
5 7 17 21 23 
1 10 17 21 23 
10 16 17 21 23 
0 2 3 6 24 
1 2 3 6 24 
0 3 6 12 24 
1 3 6 12 24 
1 2 6 18 24 
2 6 8 18 24 
1 6 10 18 24 
1 2 14 18 24 
2 8 14 18 24 
1 10 14 18 24 
2 6 8 19 24 
6 8 18 19 24 
6 10 18 19 24 
8 14 18 20 24 
8 18 19 20 24 
0 2 3 22 24 
1 2 3 22 24 
0 2 6 22 24 
1 6 10 22 24 
0 3 12 22 24 
1 3 12 22 24 
0 6 12 22 24 
1 6 12 22 24 
1 2 14 22 24 
2 8 14 22 24 
1 10 14 22 24 
10 14 18 22 24 
2 6 19 22 24 
2 8 19 22 24 
6 10 19 22 24 
10 18 19 22 24 
8 14 20 22 24 
8 19 20 22 24 
0 1 7 12 25 
0 1 7 17 25 
0 5 7 17 25 
0 2 3 18 25 
0 3 5 18 25 
3 5 7 18 25 
1 10 16 18 25 
1 3 17 18 25 
1 10 17 18 25 
10 16 17 18 25 
1 10 16 19 25 
0 2 17 19 25 
0 5 17 19 25 
0 2 18 19 25 
1 3 18 19 25 
0 5 18 19 25 
3 7 18 19 25 
5 7 18 19 25 
1 16 18 19 25 
0 1 12 20 25 
2 18 19 20 25 
1 3 12 21 25 
1 7 12 21 25 
3 7 12 21 25 
1 3 19 21 25 
3 7 19 21 25 
5 7 19 21 25 
1 10 19 21 25 
10 16 19 21 25 
5 17 19 21 25 
0 2 3 22 25 
0 3 5 22 25 
0 5 7 22 25 
3 5 7 22 25 
1 3 12 22 25 
0 7 12 22 25 
3 7 12 22 25 
2 3 18 22 25 
3 17 18 22 25 
0 2 20 22 25 
1 3 20 22 25 
0 12 20 22 25 
1 12 20 22 25 
2 18 20 22 25 
1 7 17 23 25 
5 7 17 23 25 
1 10 17 23 25 
10 16 17 23 25 
1 7 21 23 25 
5 7 21 23 25 
1 10 21 23 25 
10 16 21 23 25 
5 17 21 23 25 
0 1 6 10 27 
0 1 6 17 27 
1 6 10 17 27 
0 1 15 20 27 
0 2 15 20 27 
1 3 15 20 27 
2 15 19 20 27 
0 1 10 22 27 
0 6 10 22 27 
0 1 15 22 27 
0 2 15 22 27 
1 3 15 22 27 
0 2 17 22 27 
1 3 17 22 27 
0 6 17 22 27 
1 10 17 22 27 
6 10 17 22 27 
2 15 19 22 27 
2 17 19 22 27 
3 15 20 22 27 
0 1 17 25 27 
0 2 17 25 27 
1 3 17 25 27 
2 17 19 25 27 
0 1 20 25 27 
0 2 20 25 27 
1 3 20 25 27 
2 19 20 25 27 
3 17 22 25 27 
3 20 22 25 27 
