5 134
4 5 6 7 16 
4 5 7 8 16 
5 6 7 8 16 
4 6 7 12 16 
6 7 8 12 16 
4 7 12 15 16 
7 10 12 15 16 
7 8 10 12 18 
4 5 6 8 20 
4 6 8 12 20 
4 5 6 15 20 
4 5 8 15 20 
3 7 8 15 20 
7 8 10 15 20 
4 6 12 15 20 
4 8 12 15 20 
8 10 12 15 20 
3 7 15 16 20 
7 10 15 16 20 
3 7 8 10 22 
3 4 7 12 22 
3 4 8 12 22 
3 7 10 12 22 
3 8 10 12 22 
4 5 6 15 22 
4 5 8 15 22 
3 7 8 15 22 
7 8 10 15 22 
4 7 12 15 22 
4 8 12 15 22 
7 10 12 15 22 
8 10 12 15 22 
7 8 10 18 24 
7 8 12 18 24 
8 10 12 18 24 
5 6 8 20 24 
3 7 8 20 24 
7 8 10 20 24 
6 8 12 20 24 
8 10 12 20 24 
5 6 15 20 24 
3 8 15 20 24 
5 8 15 20 24 
6 12 15 20 24 
10 12 15 20 24 
3 7 16 20 24 
7 10 16 20 24 
10 15 16 20 24 
3 7 8 21 24 
6 8 12 21 24 
7 8 12 21 24 
3 7 18 21 24 
6 12 18 21 24 
7 12 18 21 24 
5 6 15 22 24 
3 4 7 8 25 
4 6 12 15 25 
4 5 6 16 25 
4 5 8 16 25 
5 6 8 16 25 
4 7 8 16 25 
4 6 12 16 25 
6 8 12 16 25 
7 8 12 16 25 
3 7 15 16 25 
4 7 15 16 25 
4 12 15 16 25 
10 12 15 16 25 
3 15 16 20 25 
4 5 6 22 25 
3 4 7 22 25 
3 4 8 22 25 
4 5 8 22 25 
4 6 15 22 25 
3 7 15 22 25 
4 7 15 22 25 
3 8 15 22 25 
5 8 15 22 25 
5 6 8 24 25 
3 8 15 24 25 
5 8 15 24 25 
3 15 20 24 25 
3 16 20 24 25 
3 8 21 24 25 
6 8 21 24 25 
3 18 21 24 25 
5 6 22 24 25 
5 15 22 24 25 
7 10 12 16 26 
7 10 12 18 26 
3 7 18 21 26 
6 12 18 21 26 
7 12 18 21 26 
6 12 15 24 26 
10 12 15 24 26 
3 7 16 24 26 
7 10 16 24 26 
10 15 16 24 26 
3 7 18 24 26 
7 10 18 24 26 
6 12 18 24 26 
10 12 18 24 26 
6 18 21 24 26 
6 15 22 24 26 
6 12 15 25 26 
10 12 15 25 26 
3 7 16 25 26 
7 12 16 25 26 
10 12 16 25 26 
10 15 16 25 26 
3 7 21 25 26 
7 12 21 25 26 
3 18 21 25 26 
6 15 22 25 26 
3 16 24 25 26 
3 18 24 25 26 
3 7 8 21 27 
6 8 12 21 27 
7 8 12 21 27 
3 7 8 25 27 
6 8 12 25 27 
7 8 12 25 27 
3 7 21 25 27 
3 8 21 25 27 
6 8 21 25 27 
7 12 21 25 27 
6 21 24 25 27 
6 22 24 25 27 
6 12 21 26 27 
6 21 24 26 27 
6 22 24 26 27 
6 12 25 26 27 
12 21 25 26 27 
6 22 25 26 27 
