5 155
2 3 6 11 14 
2 5 7 8 15 
2 3 8 11 15 
2 7 8 11 15 
5 7 8 11 15 
2 3 11 14 16 
3 5 11 14 16 
2 3 11 15 16 
2 6 11 15 16 
3 5 8 11 19 
2 6 11 14 20 
3 5 14 15 20 
2 6 11 16 20 
2 3 14 16 20 
3 5 14 16 20 
2 11 14 16 20 
8 11 14 16 20 
2 3 15 16 20 
3 5 15 16 20 
2 6 15 16 20 
5 14 15 16 20 
2 3 5 8 21 
2 3 5 15 21 
2 3 8 15 21 
2 5 8 15 21 
0 5 11 15 21 
3 8 11 15 21 
5 8 11 15 21 
3 5 8 19 21 
3 8 11 19 21 
6 15 16 19 22 
2 7 14 20 22 
6 11 16 20 22 
6 15 16 20 22 
0 5 11 21 22 
5 8 11 21 22 
0 11 15 21 22 
6 11 15 21 22 
6 15 19 21 22 
2 3 5 15 23 
2 5 7 15 23 
3 5 14 15 23 
5 11 14 16 23 
8 11 14 16 23 
5 14 15 16 23 
5 8 11 19 23 
8 11 16 20 23 
8 14 16 20 23 
0 5 19 21 23 
5 8 19 21 23 
6 11 19 21 23 
8 11 19 21 23 
2 3 14 22 23 
2 7 14 22 23 
2 3 15 22 23 
0 5 15 22 23 
2 7 15 22 23 
5 7 15 22 23 
3 14 15 22 23 
6 11 16 22 23 
6 16 19 22 23 
8 11 20 22 23 
11 16 20 22 23 
0 5 21 22 23 
5 8 21 22 23 
6 11 21 22 23 
8 11 21 22 23 
0 15 21 22 23 
6 19 21 22 23 
0 2 5 6 24 
2 3 5 6 24 
0 2 6 11 24 
0 5 6 11 24 
3 5 6 11 24 
2 3 6 14 24 
3 5 11 14 24 
3 6 11 14 24 
2 6 14 20 24 
2 7 14 20 24 
6 11 14 20 24 
8 11 14 20 24 
0 2 5 22 24 
2 5 7 22 24 
0 2 11 22 24 
0 5 11 22 24 
2 6 11 22 24 
5 8 11 22 24 
2 6 20 22 24 
2 7 20 22 24 
6 11 20 22 24 
8 11 20 22 24 
7 14 20 22 24 
2 3 5 23 24 
2 5 7 23 24 
5 8 11 23 24 
2 3 14 23 24 
3 5 14 23 24 
2 7 14 23 24 
5 11 14 23 24 
8 11 14 23 24 
8 14 20 23 24 
5 7 22 23 24 
5 8 22 23 24 
7 14 22 23 24 
8 20 22 23 24 
3 5 11 16 25 
3 5 15 16 25 
3 11 15 16 25 
6 11 15 16 25 
3 5 11 19 25 
6 15 16 19 25 
0 5 15 21 25 
3 5 15 21 25 
3 11 15 21 25 
6 11 15 21 25 
0 5 19 21 25 
3 5 19 21 25 
3 11 19 21 25 
6 11 19 21 25 
6 15 19 21 25 
0 5 15 23 25 
5 11 16 23 25 
6 11 16 23 25 
5 15 16 23 25 
0 5 19 23 25 
5 11 19 23 25 
6 11 19 23 25 
6 16 19 23 25 
0 15 21 23 25 
0 19 21 23 25 
0 2 5 11 26 
2 5 7 11 26 
0 5 11 15 26 
2 6 11 15 26 
2 7 11 15 26 
5 7 11 15 26 
2 3 14 20 26 
2 3 15 20 26 
2 6 15 20 26 
3 14 15 20 26 
0 2 5 22 26 
2 5 7 22 26 
0 2 11 22 26 
2 6 11 22 26 
2 3 14 22 26 
2 3 15 22 26 
0 5 15 22 26 
2 7 15 22 26 
5 7 15 22 26 
0 11 15 22 26 
6 11 15 22 26 
3 14 15 22 26 
2 6 20 22 26 
2 14 20 22 26 
6 15 20 22 26 
