5 125
0 1 2 4 21 
0 1 2 5 21 
1 5 10 14 21 
1 5 13 14 21 
1 10 14 16 21 
0 1 4 19 21 
1 2 4 19 21 
5 11 16 19 21 
5 13 16 19 21 
1 4 5 13 22 
1 4 5 16 22 
1 5 13 16 22 
1 10 16 21 22 
5 11 16 21 22 
1 13 16 21 22 
5 13 16 21 22 
11 16 19 21 22 
0 1 5 11 23 
1 2 14 16 23 
1 10 14 16 23 
1 2 16 19 23 
1 10 16 19 23 
0 1 5 21 23 
1 5 10 21 23 
0 5 11 21 23 
5 10 14 21 23 
5 13 14 21 23 
10 14 16 21 23 
0 1 19 21 23 
1 10 19 21 23 
0 11 19 21 23 
5 11 19 21 23 
5 13 19 21 23 
13 14 19 21 23 
0 2 4 5 24 
1 2 4 13 24 
1 2 5 13 24 
2 4 5 13 24 
1 2 4 16 24 
0 4 5 19 24 
0 5 11 19 24 
1 2 16 19 24 
2 4 16 19 24 
4 5 16 19 24 
1 10 16 19 24 
5 11 16 19 24 
0 2 4 21 24 
0 2 5 21 24 
1 2 5 21 24 
0 5 11 21 24 
1 5 13 21 24 
1 2 19 21 24 
0 4 19 21 24 
2 4 19 21 24 
1 10 19 21 24 
0 11 19 21 24 
1 4 13 22 24 
4 5 13 22 24 
1 4 16 22 24 
4 5 16 22 24 
1 10 16 22 24 
5 11 16 22 24 
11 16 19 22 24 
1 10 21 22 24 
5 11 21 22 24 
1 13 21 22 24 
5 13 21 22 24 
10 16 21 22 24 
11 19 21 22 24 
10 16 19 23 24 
10 16 21 23 24 
10 19 21 23 24 
1 4 5 10 26 
1 2 4 14 26 
1 4 10 14 26 
1 5 10 14 26 
4 5 10 14 26 
1 5 13 14 26 
1 2 4 16 26 
1 4 5 16 26 
1 5 13 16 26 
1 2 14 16 26 
2 4 14 16 26 
4 5 14 16 26 
5 13 14 16 26 
13 14 16 19 26 
1 13 14 21 26 
1 13 16 21 26 
1 14 16 21 26 
13 14 19 21 26 
13 16 19 21 26 
0 1 4 11 27 
0 4 5 11 27 
1 4 10 11 27 
1 5 10 11 27 
4 5 10 11 27 
1 2 4 14 27 
1 4 10 14 27 
4 5 10 14 27 
2 4 14 16 27 
4 5 14 16 27 
5 13 14 16 27 
0 1 4 19 27 
1 2 4 19 27 
0 4 5 19 27 
0 5 11 19 27 
2 4 16 19 27 
4 5 16 19 27 
5 13 16 19 27 
13 14 16 19 27 
1 5 10 23 27 
0 1 11 23 27 
1 5 11 23 27 
1 2 14 23 27 
1 10 14 23 27 
5 10 14 23 27 
5 13 14 23 27 
2 14 16 23 27 
0 1 19 23 27 
1 2 19 23 27 
0 11 19 23 27 
5 11 19 23 27 
5 13 19 23 27 
13 14 19 23 27 
2 16 19 23 27 
