5 178
0 2 3 5 14 
1 2 3 5 14 
0 2 3 4 15 
1 2 3 6 15 
1 2 4 6 15 
2 3 4 6 15 
0 2 4 5 16 
1 2 5 8 16 
1 3 5 8 16 
2 4 5 8 16 
3 4 5 8 16 
1 2 3 14 16 
0 2 4 14 16 
0 2 5 14 16 
1 2 5 14 16 
1 3 5 14 16 
0 4 5 14 16 
1 3 4 6 17 
0 2 3 14 17 
0 2 4 14 17 
0 3 5 14 17 
0 4 5 14 17 
0 2 3 15 17 
0 2 4 15 17 
0 3 4 15 17 
3 4 6 15 17 
2 4 8 15 17 
1 2 3 15 18 
1 2 4 15 18 
1 3 6 15 18 
1 4 6 15 18 
2 4 8 15 18 
8 11 14 16 18 
1 2 4 11 20 
1 2 8 11 20 
2 4 8 11 20 
1 2 3 16 20 
1 3 6 16 20 
1 2 8 16 20 
1 8 11 16 20 
1 2 3 18 20 
1 2 4 18 20 
1 3 6 18 20 
2 4 8 18 20 
1 4 11 18 20 
4 8 11 18 20 
2 3 16 18 20 
1 6 16 18 20 
2 8 16 18 20 
1 11 16 18 20 
8 11 16 18 20 
1 3 4 8 21 
1 4 8 11 21 
0 3 4 17 21 
1 3 4 17 21 
0 3 5 17 21 
0 4 5 17 21 
1 3 6 17 21 
1 4 6 17 21 
2 4 14 17 21 
2 4 17 21 23 
3 5 17 21 23 
3 6 17 21 23 
4 6 17 21 23 
2 3 14 16 24 
3 6 14 16 24 
2 8 14 16 24 
2 3 14 17 24 
3 5 14 17 24 
4 5 14 17 24 
2 8 14 17 24 
2 3 16 18 24 
2 8 16 18 24 
8 14 16 18 24 
2 3 17 18 24 
3 5 17 18 24 
2 8 17 18 24 
8 14 17 18 24 
3 6 16 20 24 
3 16 18 20 24 
4 5 14 21 24 
4 5 17 21 24 
4 14 17 21 24 
0 3 4 5 25 
3 4 5 16 25 
1 3 6 16 25 
1 3 8 16 25 
2 4 8 16 25 
3 4 8 16 25 
1 8 11 16 25 
2 4 14 16 25 
3 5 14 16 25 
4 5 14 16 25 
3 6 14 16 25 
2 8 14 16 25 
8 11 14 16 25 
2 4 8 17 25 
2 8 14 17 25 
1 4 6 18 25 
1 4 11 18 25 
4 8 11 18 25 
8 11 14 18 25 
1 6 16 18 25 
1 11 16 18 25 
11 14 16 18 25 
8 14 17 18 25 
0 3 4 21 25 
0 3 5 21 25 
0 4 5 21 25 
1 3 6 21 25 
1 4 6 21 25 
1 3 8 21 25 
3 4 8 21 25 
1 4 11 21 25 
1 8 11 21 25 
4 8 11 21 25 
2 4 14 21 25 
3 5 14 21 25 
4 5 14 21 25 
3 6 14 21 25 
2 14 17 21 25 
2 4 17 23 25 
2 4 21 23 25 
4 6 21 23 25 
2 17 21 23 25 
2 3 15 17 26 
3 5 15 17 26 
2 8 15 17 26 
2 3 15 18 26 
3 5 15 18 26 
2 8 15 18 26 
2 3 17 18 26 
3 5 17 18 26 
2 8 17 18 26 
5 15 17 18 26 
8 15 17 25 26 
8 15 18 25 26 
8 17 18 25 26 
3 5 15 17 27 
3 6 15 17 27 
4 6 15 17 27 
4 8 15 17 27 
3 5 15 18 27 
3 6 15 18 27 
4 6 15 18 27 
4 8 15 18 27 
5 15 17 18 27 
3 6 18 20 27 
6 16 18 20 27 
3 5 14 21 27 
3 6 14 21 27 
3 5 17 23 27 
3 6 17 23 27 
4 6 17 23 27 
3 5 21 23 27 
3 6 21 23 27 
5 17 21 23 27 
3 5 14 24 27 
3 6 14 24 27 
6 14 16 24 27 
3 5 18 24 27 
5 17 18 24 27 
3 6 20 24 27 
6 16 20 24 27 
3 18 20 24 27 
5 14 21 24 27 
5 17 21 24 27 
6 14 16 25 27 
4 8 17 25 27 
8 15 17 25 27 
4 6 18 25 27 
4 8 18 25 27 
8 15 18 25 27 
6 16 18 25 27 
6 14 21 25 27 
4 6 23 25 27 
4 17 23 25 27 
6 21 23 25 27 
