5 112
3 4 8 11 16 
0 3 4 6 18 
3 4 6 11 18 
2 4 8 16 20 
4 6 8 18 20 
3 4 11 18 20 
3 6 11 18 20 
4 6 11 18 20 
0 3 4 8 21 
0 3 6 8 21 
0 4 6 8 21 
3 6 8 11 21 
0 3 4 16 21 
0 3 6 16 21 
3 4 8 16 21 
2 6 8 16 21 
2 6 9 16 21 
3 6 11 16 21 
3 8 11 16 21 
6 8 11 16 21 
2 6 8 20 21 
2 6 9 20 21 
2 9 16 20 21 
9 16 18 20 21 
2 4 8 9 23 
2 6 8 9 23 
4 6 9 11 23 
4 8 9 11 23 
6 8 9 11 23 
0 3 4 16 23 
2 4 8 16 23 
2 6 8 16 23 
2 6 9 16 23 
3 4 11 16 23 
3 6 11 16 23 
4 8 11 16 23 
6 8 11 16 23 
3 4 11 20 23 
3 6 11 20 23 
4 6 11 20 23 
0 3 6 16 24 
0 3 4 18 24 
0 3 6 18 24 
0 4 6 18 24 
4 6 8 18 24 
0 4 16 20 24 
2 8 16 20 24 
4 8 16 20 24 
6 8 18 20 24 
6 9 18 20 24 
0 4 6 21 24 
4 6 8 21 24 
0 4 16 21 24 
0 6 16 21 24 
2 8 16 21 24 
4 8 16 21 24 
6 9 16 21 24 
9 16 18 21 24 
2 8 20 21 24 
6 8 20 21 24 
6 9 20 21 24 
2 16 20 21 24 
9 18 20 21 24 
0 3 4 23 24 
0 3 16 23 24 
0 4 20 23 24 
3 4 20 23 24 
0 16 20 23 24 
3 6 16 20 26 
6 9 16 20 26 
3 4 18 20 26 
3 6 18 20 26 
4 8 18 20 26 
6 9 18 20 26 
9 16 18 20 26 
3 6 16 24 26 
6 9 16 24 26 
3 4 18 24 26 
3 6 18 24 26 
4 8 18 24 26 
6 9 18 24 26 
9 16 18 24 26 
3 4 20 24 26 
4 8 20 24 26 
8 18 20 24 26 
2 4 6 8 27 
2 4 6 9 27 
2 4 8 20 27 
2 6 8 20 27 
4 6 8 20 27 
2 6 9 20 27 
0 4 16 20 27 
2 4 16 20 27 
3 6 16 20 27 
2 9 16 20 27 
6 9 16 20 27 
2 4 9 23 27 
4 6 9 23 27 
0 4 16 23 27 
2 4 16 23 27 
3 6 16 23 27 
2 9 16 23 27 
6 9 16 23 27 
0 4 20 23 27 
3 6 20 23 27 
4 6 20 23 27 
0 16 20 23 27 
3 16 23 24 27 
3 20 23 24 27 
3 16 20 26 27 
3 16 24 26 27 
3 20 24 26 27 
