5 125
2 3 4 10 19 
2 4 5 10 19 
2 3 4 6 20 
3 4 5 15 20 
3 4 6 15 20 
4 5 8 15 20 
2 3 4 19 20 
3 4 5 19 20 
2 3 6 19 20 
2 4 6 19 20 
4 5 8 19 20 
3 5 15 19 20 
3 6 15 19 20 
4 6 15 19 20 
4 8 15 19 20 
2 4 5 8 22 
2 3 6 19 22 
3 6 15 19 22 
1 2 3 10 23 
1 2 5 10 23 
1 3 5 10 23 
3 4 5 10 23 
3 4 5 19 23 
2 3 10 19 23 
3 4 10 19 23 
4 5 10 19 23 
8 15 19 20 23 
1 2 3 5 25 
2 4 5 19 25 
2 4 6 19 25 
4 5 8 19 25 
2 5 10 19 25 
4 6 15 19 25 
4 8 15 19 25 
1 2 5 21 25 
2 5 10 21 25 
1 2 3 22 25 
1 3 5 22 25 
2 3 5 22 25 
2 4 5 22 25 
2 4 6 22 25 
4 5 8 22 25 
4 6 15 22 25 
4 8 15 22 25 
5 8 15 22 25 
5 10 15 22 25 
6 15 19 22 25 
1 2 21 22 25 
1 5 21 22 25 
2 6 21 22 25 
5 10 21 22 25 
2 6 19 23 25 
5 8 19 23 25 
2 10 19 23 25 
5 10 19 23 25 
8 15 19 23 25 
2 3 5 8 26 
3 4 5 8 26 
2 3 6 8 26 
2 4 6 8 26 
3 4 6 8 26 
3 4 5 15 26 
3 4 6 15 26 
4 5 8 15 26 
1 3 5 22 26 
2 3 5 22 26 
2 3 6 22 26 
2 4 6 22 26 
2 4 8 22 26 
2 5 8 22 26 
1 3 15 22 26 
3 6 15 22 26 
4 6 15 22 26 
4 8 15 22 26 
5 8 15 22 26 
5 10 15 22 26 
1 5 21 22 26 
5 10 21 22 26 
10 15 22 25 26 
10 21 22 25 26 
3 5 15 19 27 
5 8 15 20 27 
5 8 19 20 27 
5 15 19 20 27 
1 2 5 21 27 
2 5 10 21 27 
1 2 3 22 27 
1 3 15 22 27 
2 3 19 22 27 
2 6 19 22 27 
3 15 19 22 27 
1 2 21 22 27 
2 6 21 22 27 
1 2 3 23 27 
1 2 5 23 27 
1 3 5 23 27 
2 5 10 23 27 
2 3 19 23 27 
3 5 19 23 27 
2 6 19 23 27 
5 8 19 23 27 
8 15 20 23 27 
8 19 20 23 27 
5 8 15 25 27 
5 10 15 25 27 
2 6 21 25 27 
2 10 21 25 27 
6 19 22 25 27 
6 21 22 25 27 
2 6 23 25 27 
5 8 23 25 27 
2 10 23 25 27 
5 10 23 25 27 
8 15 23 25 27 
6 19 23 25 27 
1 3 5 26 27 
1 3 15 26 27 
3 5 15 26 27 
5 10 15 26 27 
1 5 21 26 27 
5 10 21 26 27 
1 15 22 26 27 
1 21 22 26 27 
10 15 25 26 27 
10 21 25 26 27 
