5 143
0 1 3 4 16 
1 3 7 12 16 
0 1 4 7 21 
1 2 6 8 21 
1 2 5 11 21 
0 1 6 11 21 
0 2 6 11 21 
1 2 6 11 21 
0 1 7 11 21 
0 2 7 11 21 
2 5 7 11 21 
0 1 2 3 23 
0 2 3 7 23 
0 3 4 7 23 
0 1 2 8 23 
0 2 6 8 23 
1 2 3 12 23 
1 2 7 12 23 
2 3 7 12 23 
0 1 3 16 23 
1 7 11 16 23 
1 3 12 16 23 
1 7 12 16 23 
0 2 16 20 24 
0 3 16 20 24 
7 11 16 20 24 
3 12 16 20 24 
7 12 16 20 24 
0 3 4 21 24 
0 4 7 21 24 
3 4 7 21 24 
3 7 12 21 24 
0 3 19 21 24 
0 7 19 21 24 
7 12 19 21 24 
0 3 4 23 24 
0 2 6 23 24 
0 2 7 23 24 
1 2 7 23 24 
0 4 7 23 24 
3 4 7 23 24 
0 1 8 23 24 
1 2 8 23 24 
0 6 8 23 24 
2 6 8 23 24 
1 5 11 23 24 
1 7 11 23 24 
3 7 12 23 24 
0 1 16 23 24 
0 3 16 23 24 
1 5 16 23 24 
7 11 16 23 24 
3 12 16 23 24 
7 12 16 23 24 
11 16 20 23 24 
1 3 4 7 25 
0 1 6 8 25 
0 1 4 16 25 
0 3 4 16 25 
1 3 4 16 25 
1 3 7 16 25 
1 7 11 16 25 
3 7 12 16 25 
0 2 16 20 25 
0 3 16 20 25 
7 11 16 20 25 
3 12 16 20 25 
7 12 16 20 25 
0 1 4 21 25 
0 3 4 21 25 
1 2 5 21 25 
0 1 6 21 25 
0 2 6 21 25 
0 2 7 21 25 
1 4 7 21 25 
3 4 7 21 25 
2 5 7 21 25 
1 2 8 21 25 
1 6 8 21 25 
2 6 8 21 25 
1 5 11 21 25 
1 7 11 21 25 
5 7 11 21 25 
3 7 12 21 25 
0 3 19 21 25 
0 7 19 21 25 
7 12 19 21 25 
1 5 11 23 25 
1 5 16 23 25 
1 11 16 23 25 
11 16 20 23 25 
0 2 6 24 25 
0 1 8 24 25 
0 6 8 24 25 
2 6 8 24 25 
5 7 11 24 25 
0 1 16 24 25 
0 2 16 24 25 
1 5 16 24 25 
7 11 20 24 25 
3 12 20 24 25 
7 12 20 24 25 
3 12 21 24 25 
12 19 21 24 25 
3 20 21 24 25 
5 11 23 24 25 
5 16 23 24 25 
11 20 23 24 25 
1 2 5 7 27 
1 5 7 11 27 
0 2 7 24 27 
1 2 7 24 27 
1 2 8 24 27 
1 5 11 24 27 
1 7 11 24 27 
5 7 11 24 27 
0 3 19 24 27 
0 7 19 24 27 
7 12 19 24 27 
0 2 20 24 27 
0 3 20 24 27 
2 16 20 24 27 
3 19 21 24 27 
3 20 21 24 27 
1 2 5 25 27 
0 2 7 25 27 
2 5 7 25 27 
1 2 8 25 27 
0 3 19 25 27 
0 7 19 25 27 
7 12 19 25 27 
0 2 20 25 27 
0 3 20 25 27 
2 16 20 25 27 
3 19 21 25 27 
3 20 21 25 27 
1 5 24 25 27 
5 7 24 25 27 
1 8 24 25 27 
2 8 24 25 27 
7 12 24 25 27 
2 16 24 25 27 
12 19 24 25 27 
