5 158
2 4 5 13 17 
2 4 10 13 17 
2 4 5 14 17 
2 5 13 14 17 
4 5 13 14 17 
4 7 13 14 17 
4 5 13 14 20 
4 7 13 14 20 
2 5 14 16 20 
2 6 14 16 20 
7 13 14 17 20 
0 2 4 6 23 
2 4 6 10 23 
4 6 8 10 23 
0 2 4 12 23 
0 4 7 12 23 
0 4 6 13 23 
0 4 7 13 23 
4 6 8 13 23 
0 7 9 13 23 
4 8 10 13 23 
2 4 5 7 24 
0 2 7 9 24 
0 2 7 12 24 
2 4 7 12 24 
2 5 7 13 24 
4 5 7 13 24 
0 2 9 13 24 
2 7 9 13 24 
2 6 10 14 24 
2 5 13 14 24 
2 10 13 14 24 
2 4 5 20 24 
0 7 9 20 24 
2 6 10 20 24 
0 2 12 20 24 
2 4 12 20 24 
0 7 12 20 24 
4 7 12 20 24 
0 2 13 20 24 
4 5 13 20 24 
4 7 13 20 24 
0 9 13 20 24 
7 9 13 20 24 
2 10 13 20 24 
2 5 14 20 24 
2 6 14 20 24 
5 13 14 20 24 
10 13 14 20 24 
6 14 16 20 24 
0 2 6 13 25 
2 6 10 13 25 
6 8 10 13 25 
2 6 10 20 25 
6 8 10 20 25 
0 2 12 20 25 
0 7 12 20 25 
0 2 13 20 25 
0 6 13 20 25 
6 8 13 20 25 
2 10 13 20 25 
8 10 13 20 25 
2 5 16 20 25 
0 6 16 20 25 
2 6 16 20 25 
0 7 16 20 25 
5 14 16 20 25 
5 14 20 23 25 
2 6 10 14 26 
2 10 13 14 26 
2 5 14 16 26 
2 6 14 16 26 
0 13 14 17 26 
2 4 5 20 26 
6 8 10 20 26 
2 4 12 20 26 
4 7 12 20 26 
0 6 13 20 26 
6 8 13 20 26 
8 10 13 20 26 
10 13 14 20 26 
0 6 16 20 26 
0 7 16 20 26 
0 13 17 20 26 
13 14 17 20 26 
2 4 5 23 26 
0 2 6 23 26 
2 6 10 23 26 
6 8 10 23 26 
0 2 12 23 26 
2 4 12 23 26 
0 7 12 23 26 
4 7 12 23 26 
0 6 13 23 26 
6 8 13 23 26 
2 10 13 23 26 
8 10 13 23 26 
2 5 14 23 26 
6 10 14 24 26 
6 14 16 24 26 
6 10 20 24 26 
10 14 20 24 26 
6 16 20 24 26 
0 2 6 25 26 
0 2 12 25 26 
0 7 12 25 26 
2 5 16 25 26 
0 6 16 25 26 
2 6 16 25 26 
0 7 16 25 26 
5 14 16 25 26 
2 5 20 25 26 
2 12 20 25 26 
7 12 20 25 26 
7 16 20 25 26 
5 14 23 25 26 
5 20 23 25 26 
2 4 5 14 27 
2 4 10 17 27 
4 7 13 17 27 
2 10 13 17 27 
4 10 13 17 27 
2 4 14 17 27 
4 7 14 17 27 
0 13 14 17 27 
2 13 14 17 27 
0 7 9 20 27 
0 9 13 20 27 
7 9 13 20 27 
4 5 14 20 27 
4 7 14 20 27 
0 13 17 20 27 
7 13 17 20 27 
7 14 17 20 27 
2 4 5 23 27 
0 7 9 23 27 
2 4 10 23 27 
4 7 13 23 27 
0 9 13 23 27 
7 9 13 23 27 
2 10 13 23 27 
4 10 13 23 27 
2 5 14 23 27 
5 14 20 23 27 
0 13 14 26 27 
2 13 14 26 27 
0 14 17 26 27 
4 5 20 26 27 
0 7 20 26 27 
4 7 20 26 27 
0 17 20 26 27 
4 5 23 26 27 
0 7 23 26 27 
4 7 23 26 27 
0 13 23 26 27 
2 13 23 26 27 
2 14 23 26 27 
5 20 23 26 27 
