5 169
0 4 6 10 15 
0 6 7 10 15 
0 4 10 14 15 
4 6 10 14 15 
4 5 14 15 16 
4 6 14 15 16 
2 10 14 15 16 
6 10 14 15 16 
0 1 4 9 17 
0 1 5 9 17 
4 6 10 14 17 
2 4 10 16 17 
4 6 10 16 17 
2 10 14 16 17 
6 10 14 16 17 
0 4 8 9 19 
0 2 4 10 19 
0 4 10 14 19 
0 7 10 14 19 
0 2 4 17 19 
0 4 9 17 19 
4 8 9 17 19 
0 2 10 17 19 
2 4 10 17 19 
0 7 10 17 19 
4 6 14 17 19 
4 10 14 17 19 
7 10 14 17 19 
0 3 4 7 20 
0 4 6 7 20 
4 6 7 10 20 
0 3 4 14 20 
0 3 5 14 20 
3 4 5 14 20 
0 7 10 14 20 
0 4 6 15 20 
0 6 7 15 20 
0 7 10 15 20 
6 7 10 15 20 
0 4 14 15 20 
4 5 14 15 20 
0 10 14 15 20 
2 10 14 15 20 
2 4 10 16 20 
4 6 10 16 20 
4 5 15 16 20 
4 6 15 16 20 
2 10 15 16 20 
6 10 15 16 20 
2 14 15 16 20 
2 10 14 17 20 
7 10 14 17 20 
2 4 16 17 20 
2 14 16 17 20 
0 3 4 5 21 
0 4 5 8 21 
1 4 5 9 21 
0 5 8 9 21 
4 5 8 9 21 
0 3 4 14 21 
0 3 5 14 21 
3 4 5 14 21 
0 5 14 16 21 
4 5 14 16 21 
4 6 14 16 21 
0 7 14 16 21 
6 14 16 17 21 
0 4 14 19 21 
4 6 14 19 21 
0 7 14 19 21 
6 14 17 19 21 
0 3 5 7 22 
3 4 5 7 22 
0 5 7 10 22 
4 5 7 10 22 
0 3 5 20 22 
3 4 5 20 22 
0 3 7 20 22 
3 4 7 20 22 
4 7 10 20 22 
0 1 2 4 24 
0 1 2 10 24 
1 2 4 10 24 
0 1 5 10 24 
1 4 5 10 24 
0 1 4 17 24 
0 2 4 17 24 
0 1 5 17 24 
1 4 9 17 24 
0 5 9 17 24 
1 5 9 17 24 
4 8 9 17 24 
0 2 10 17 24 
0 7 10 17 24 
0 5 9 20 24 
2 4 10 20 24 
0 7 14 20 24 
2 4 17 20 24 
4 8 17 20 24 
2 10 17 20 24 
7 10 17 20 24 
7 14 17 20 24 
0 5 10 22 24 
4 5 10 22 24 
0 7 10 22 24 
0 5 20 22 24 
0 7 20 22 24 
4 8 20 22 24 
5 9 20 22 24 
4 10 20 22 24 
7 10 20 22 24 
8 17 20 22 24 
0 5 14 16 27 
0 7 14 16 27 
5 14 15 16 27 
4 6 16 17 27 
0 4 8 19 27 
0 8 9 19 27 
4 6 17 19 27 
0 7 17 19 27 
4 8 17 19 27 
0 9 17 19 27 
8 9 17 19 27 
7 14 17 19 27 
0 5 9 20 27 
0 5 14 20 27 
5 14 15 20 27 
4 5 16 20 27 
5 15 16 20 27 
4 8 17 20 27 
4 16 17 20 27 
1 4 5 21 27 
0 4 8 21 27 
1 4 9 21 27 
0 5 9 21 27 
1 5 9 21 27 
0 8 9 21 27 
4 8 9 21 27 
0 5 16 21 27 
4 5 16 21 27 
4 6 16 21 27 
0 7 16 21 27 
7 14 16 21 27 
6 16 17 21 27 
0 4 19 21 27 
4 6 19 21 27 
0 7 19 21 27 
7 14 19 21 27 
6 17 19 21 27 
4 5 20 22 27 
4 8 20 22 27 
5 9 20 22 27 
8 17 20 22 27 
1 4 5 24 27 
1 4 9 24 27 
1 5 9 24 27 
4 8 9 24 27 
0 7 14 24 27 
0 7 17 24 27 
0 9 17 24 27 
8 9 17 24 27 
7 14 17 24 27 
0 9 20 24 27 
0 14 20 24 27 
4 5 22 24 27 
4 8 22 24 27 
5 9 22 24 27 
8 17 22 24 27 
9 20 22 24 27 
