5 180
4 6 8 10 14 
1 2 4 7 15 
1 2 4 12 15 
1 2 7 12 15 
4 6 8 14 15 
4 8 10 14 15 
4 10 12 14 15 
2 6 14 15 17 
4 6 14 15 17 
4 12 14 15 17 
4 6 7 10 18 
3 7 10 11 18 
6 7 10 11 18 
1 4 7 12 18 
4 7 10 12 18 
2 3 5 15 18 
2 6 15 17 18 
6 11 15 17 18 
2 14 15 17 18 
2 3 5 10 20 
2 3 6 10 20 
2 3 5 7 21 
2 3 5 15 21 
2 3 7 15 21 
4 12 15 17 21 
10 12 15 17 21 
2 5 7 10 22 
3 5 7 10 22 
3 6 10 11 22 
2 7 10 12 22 
4 6 10 14 22 
6 8 10 14 22 
4 10 12 14 22 
2 6 14 15 22 
6 8 14 15 22 
8 10 14 15 22 
10 12 14 15 22 
2 6 14 17 22 
4 6 14 17 22 
4 12 14 17 22 
8 10 15 17 22 
10 12 15 17 22 
12 14 15 17 22 
2 3 5 18 22 
2 3 6 18 22 
1 4 7 18 22 
4 6 10 18 22 
3 7 10 18 22 
3 6 11 18 22 
3 10 11 18 22 
6 10 11 18 22 
1 4 12 18 22 
1 7 12 18 22 
4 10 12 18 22 
7 10 12 18 22 
2 5 15 18 22 
2 14 15 18 22 
2 14 17 18 22 
2 3 5 20 22 
2 3 6 20 22 
2 5 10 20 22 
3 5 10 20 22 
3 6 10 20 22 
2 5 7 21 22 
3 5 7 21 22 
2 5 15 21 22 
3 5 15 21 22 
2 6 15 21 22 
3 7 15 21 22 
4 7 15 21 22 
6 8 15 21 22 
2 6 20 21 22 
2 7 20 21 22 
4 7 20 21 22 
6 8 20 21 22 
3 6 7 11 24 
3 6 7 15 24 
4 6 7 15 24 
3 6 11 17 24 
3 5 15 17 24 
3 6 15 17 24 
4 6 15 17 24 
4 6 7 18 24 
3 7 11 18 24 
6 7 11 18 24 
3 5 17 18 24 
2 6 17 18 24 
3 11 17 18 24 
6 11 17 18 24 
4 15 17 21 24 
3 5 15 22 24 
3 7 15 22 24 
4 7 15 22 24 
2 6 17 22 24 
4 6 17 22 24 
3 5 18 22 24 
2 6 18 22 24 
4 6 18 22 24 
3 7 18 22 24 
4 7 18 22 24 
5 15 18 22 24 
2 17 18 22 24 
4 15 21 22 24 
4 20 21 22 24 
1 4 7 15 25 
2 6 10 15 25 
6 8 10 15 25 
1 4 12 15 25 
1 7 12 15 25 
2 7 12 15 25 
2 10 12 15 25 
8 10 15 17 25 
2 6 10 20 25 
2 6 15 21 25 
2 7 15 21 25 
4 7 15 21 25 
6 8 15 21 25 
4 12 15 21 25 
10 12 15 21 25 
4 12 17 21 25 
10 12 17 21 25 
10 15 17 21 25 
2 6 20 21 25 
2 7 20 21 25 
4 7 20 21 25 
6 8 20 21 25 
1 4 7 22 25 
6 8 10 22 25 
1 4 12 22 25 
1 7 12 22 25 
2 7 12 22 25 
2 10 12 22 25 
8 10 17 22 25 
4 12 17 22 25 
10 12 17 22 25 
8 15 17 22 25 
2 7 20 22 25 
4 7 20 22 25 
6 8 20 22 25 
2 10 20 22 25 
6 10 20 22 25 
8 15 21 22 25 
8 20 21 22 25 
4 17 21 24 25 
4 20 21 24 25 
4 17 22 24 25 
4 20 22 24 25 
2 3 6 7 27 
2 4 6 7 27 
2 4 6 8 27 
2 4 8 10 27 
2 6 8 10 27 
2 4 10 12 27 
2 3 7 15 27 
2 4 7 15 27 
3 6 7 15 27 
4 6 7 15 27 
4 6 8 15 27 
2 6 10 15 27 
4 8 10 15 27 
6 8 10 15 27 
2 4 12 15 27 
2 10 12 15 27 
4 10 12 15 27 
3 6 11 17 27 
3 5 15 17 27 
3 6 15 17 27 
6 11 15 17 27 
2 3 6 18 27 
3 6 11 18 27 
2 3 15 18 27 
3 5 15 18 27 
2 6 15 18 27 
6 11 15 18 27 
3 5 17 18 27 
3 11 17 18 27 
11 15 17 18 27 
5 15 17 24 27 
5 15 18 24 27 
5 17 18 24 27 
