5 188
1 2 6 10 14 
2 4 6 10 14 
1 2 5 12 14 
1 2 10 12 14 
2 4 10 12 14 
0 2 3 4 16 
1 2 5 14 16 
1 2 6 14 16 
2 4 6 14 16 
1 4 10 14 16 
1 6 10 14 16 
4 6 10 14 16 
2 4 12 14 16 
1 5 12 14 16 
2 5 12 14 16 
4 8 12 14 16 
0 2 4 15 16 
2 4 12 15 16 
1 2 6 16 18 
0 2 4 15 19 
2 4 12 15 19 
4 8 12 16 19 
0 2 15 16 19 
1 2 15 16 19 
0 4 15 16 19 
4 12 15 16 19 
0 2 4 18 19 
2 4 12 18 19 
0 2 16 18 19 
1 2 16 18 19 
3 4 8 12 20 
2 3 4 16 20 
2 4 6 16 20 
1 6 10 16 20 
4 6 10 16 20 
1 2 6 18 20 
0 4 14 18 20 
1 6 16 18 20 
4 8 12 19 20 
1 15 16 19 20 
1 2 18 19 20 
0 4 18 19 20 
2 12 18 19 20 
4 12 18 19 20 
1 16 18 19 20 
1 4 14 16 21 
1 12 14 16 21 
8 12 14 16 21 
1 2 3 5 22 
0 2 3 12 22 
0 2 4 12 22 
0 3 4 12 22 
2 3 5 12 22 
0 2 3 16 22 
0 3 4 16 22 
0 2 4 18 22 
2 4 12 18 22 
0 2 16 18 22 
0 4 16 18 22 
2 6 16 18 22 
4 10 16 18 22 
1 2 3 20 22 
1 2 5 20 22 
1 3 5 20 22 
3 4 12 20 22 
2 5 12 20 22 
3 5 12 20 22 
2 3 16 20 22 
3 4 16 20 22 
2 6 16 20 22 
4 10 16 20 22 
2 6 18 20 22 
4 10 18 20 22 
2 12 18 20 22 
4 12 18 20 22 
6 16 18 20 22 
1 4 10 12 23 
1 4 10 14 23 
4 8 12 14 23 
1 10 12 14 23 
4 10 12 14 23 
4 8 14 16 23 
0 4 14 18 23 
0 4 16 18 23 
4 14 16 18 23 
0 4 16 19 23 
4 8 16 19 23 
8 12 16 19 23 
0 16 18 19 23 
1 2 5 20 23 
3 4 8 20 23 
2 5 12 20 23 
3 5 12 20 23 
3 8 12 20 23 
1 5 17 20 23 
0 14 18 20 23 
0 4 19 20 23 
4 8 19 20 23 
2 12 19 20 23 
8 12 19 20 23 
0 18 19 20 23 
8 14 16 21 23 
1 3 5 12 25 
1 2 5 16 25 
1 4 10 16 25 
1 5 12 16 25 
2 5 12 16 25 
1 2 15 16 25 
2 12 15 16 25 
4 10 16 18 25 
4 14 16 18 25 
1 2 15 19 25 
2 12 15 19 25 
12 15 16 19 25 
1 4 10 20 25 
0 4 14 20 25 
1 10 16 20 25 
1 15 16 20 25 
0 4 17 20 25 
1 4 17 20 25 
4 10 18 20 25 
4 14 18 20 25 
1 2 19 20 25 
1 15 19 20 25 
1 4 14 21 25 
1 12 14 21 25 
8 12 14 21 25 
1 4 16 21 25 
1 12 16 21 25 
8 12 16 21 25 
4 14 16 21 25 
10 16 18 22 25 
10 16 20 22 25 
10 18 20 22 25 
1 2 5 23 25 
1 3 5 23 25 
1 3 12 23 25 
2 5 12 23 25 
3 5 12 23 25 
0 4 14 23 25 
1 4 14 23 25 
1 12 14 23 25 
8 12 14 23 25 
8 12 16 23 25 
0 4 17 23 25 
1 4 17 23 25 
2 12 19 23 25 
12 16 19 23 25 
1 2 20 23 25 
1 17 20 23 25 
2 19 20 23 25 
8 14 21 23 25 
8 16 21 23 25 
1 2 3 4 27 
1 2 4 6 27 
1 3 4 8 27 
1 4 6 10 27 
1 3 8 12 27 
1 4 8 12 27 
1 2 3 20 27 
2 3 4 20 27 
1 3 5 20 27 
1 2 6 20 27 
2 4 6 20 27 
1 4 10 20 27 
1 6 10 20 27 
4 6 10 20 27 
0 4 17 20 27 
1 4 17 20 27 
1 5 17 20 27 
1 3 5 23 27 
3 4 8 23 27 
1 3 12 23 27 
1 4 12 23 27 
3 8 12 23 27 
4 8 12 23 27 
0 4 17 23 27 
1 4 17 23 27 
1 5 17 23 27 
0 4 20 23 27 
3 4 20 23 27 
3 5 20 23 27 
0 14 20 23 27 
5 17 20 23 27 
0 14 20 25 27 
0 17 20 25 27 
0 14 23 25 27 
0 17 23 25 27 
