5 148
1 2 3 4 15 
0 2 4 6 15 
1 2 4 6 15 
0 3 4 6 15 
1 3 4 6 15 
0 2 4 11 15 
2 3 4 11 15 
1 2 3 15 17 
0 3 4 15 17 
0 2 6 15 17 
1 2 6 15 17 
1 3 6 15 17 
0 2 11 15 17 
2 3 11 15 17 
0 4 11 15 17 
3 4 11 15 17 
0 3 13 15 17 
3 5 13 15 17 
0 3 5 13 19 
1 2 3 6 20 
0 2 18 20 22 
2 3 18 20 22 
3 13 18 20 22 
0 3 5 11 23 
0 5 11 13 23 
5 13 15 17 23 
0 3 5 19 23 
0 3 11 19 23 
0 5 13 19 23 
3 5 13 19 23 
0 4 17 22 23 
0 13 17 22 23 
13 15 17 22 23 
0 4 20 22 23 
4 17 20 22 23 
0 18 20 22 23 
1 2 3 17 24 
0 2 6 17 24 
1 2 6 17 24 
1 3 6 17 24 
0 2 11 17 24 
0 4 11 17 24 
0 3 11 19 24 
2 3 11 19 24 
0 3 13 19 24 
3 6 17 19 24 
1 2 3 20 24 
0 2 6 20 24 
1 2 6 20 24 
1 3 6 20 24 
0 2 18 20 24 
2 3 18 20 24 
3 13 18 20 24 
0 2 11 22 24 
0 3 11 22 24 
2 3 11 22 24 
0 3 13 22 24 
0 2 18 22 24 
2 3 18 22 24 
3 13 18 22 24 
13 18 20 22 24 
0 4 11 23 24 
2 11 17 23 24 
4 11 17 23 24 
3 6 19 23 24 
0 11 19 23 24 
2 11 19 23 24 
0 13 19 23 24 
3 13 19 23 24 
0 4 20 23 24 
4 17 20 23 24 
0 18 20 23 24 
0 13 22 23 24 
0 18 22 23 24 
0 2 3 6 26 
0 2 3 11 26 
0 3 6 15 26 
0 3 13 15 26 
3 5 13 15 26 
3 5 15 17 26 
0 6 15 17 26 
3 6 15 17 26 
0 13 15 17 26 
0 2 6 20 26 
2 3 6 20 26 
0 2 11 22 26 
0 3 11 22 26 
2 3 11 22 26 
0 3 13 22 26 
0 4 17 22 26 
0 13 17 22 26 
13 15 17 22 26 
0 2 20 22 26 
2 3 20 22 26 
0 4 20 22 26 
3 13 20 22 26 
4 17 20 22 26 
3 5 13 23 26 
5 13 15 23 26 
3 5 17 23 26 
3 6 17 23 26 
5 15 17 23 26 
6 17 19 23 26 
13 15 22 23 26 
0 4 17 24 26 
0 6 17 24 26 
6 17 19 24 26 
0 4 20 24 26 
0 6 20 24 26 
3 6 20 24 26 
3 13 20 24 26 
4 17 20 24 26 
13 20 22 24 26 
3 6 23 24 26 
3 13 23 24 26 
6 19 23 24 26 
13 22 23 24 26 
0 3 4 13 27 
0 4 11 13 27 
3 4 11 13 27 
3 5 11 13 27 
0 3 4 17 27 
2 3 11 17 27 
3 4 11 17 27 
0 3 13 17 27 
3 5 13 17 27 
2 3 11 19 27 
3 6 17 19 27 
0 4 11 23 27 
3 5 11 23 27 
0 11 13 23 27 
5 11 13 23 27 
0 4 17 23 27 
3 5 17 23 27 
3 6 17 23 27 
2 11 17 23 27 
4 11 17 23 27 
0 13 17 23 27 
5 13 17 23 27 
3 6 19 23 27 
2 11 19 23 27 
3 11 19 23 27 
6 17 19 23 27 
2 3 17 24 27 
2 3 19 24 27 
3 17 19 24 27 
2 17 23 24 27 
2 19 23 24 27 
