5 136
0 1 4 11 16 
0 1 5 11 16 
1 4 5 11 16 
4 5 11 12 16 
3 4 12 16 18 
4 5 12 16 18 
0 3 4 5 19 
0 3 4 11 19 
0 3 5 11 19 
3 4 11 12 19 
3 5 11 12 19 
0 4 5 15 19 
4 5 6 15 19 
0 5 11 15 19 
4 5 6 18 19 
1 4 15 18 19 
4 6 15 18 19 
0 1 4 6 20 
0 1 5 6 20 
1 4 5 6 20 
4 5 6 18 20 
0 4 5 6 24 
0 4 5 15 24 
4 5 6 15 24 
0 5 11 15 24 
0 4 15 17 24 
3 4 15 17 24 
0 11 15 17 24 
1 4 15 18 24 
4 6 15 18 24 
5 6 15 18 24 
5 11 15 18 24 
0 4 6 20 24 
0 5 6 20 24 
0 5 11 20 24 
0 4 17 20 24 
3 4 17 20 24 
0 11 17 20 24 
11 15 17 20 24 
3 4 18 20 24 
4 6 18 20 24 
5 6 18 20 24 
5 11 18 20 24 
11 15 18 20 24 
3 4 5 12 25 
3 4 12 18 25 
3 5 12 18 25 
4 5 12 18 25 
3 4 5 19 25 
1 4 18 19 25 
4 5 18 19 25 
5 6 18 19 25 
1 15 18 19 25 
0 1 4 15 26 
0 1 5 16 26 
1 4 5 16 26 
0 5 11 16 26 
0 4 15 17 26 
3 4 15 17 26 
0 11 15 17 26 
5 6 15 18 26 
5 11 15 18 26 
3 4 16 18 26 
4 5 16 18 26 
5 6 16 18 26 
6 15 18 19 26 
6 16 18 19 26 
0 1 4 20 26 
0 1 5 20 26 
1 4 5 20 26 
0 5 11 20 26 
0 4 17 20 26 
3 4 17 20 26 
0 11 17 20 26 
11 15 17 20 26 
3 4 18 20 26 
4 5 18 20 26 
5 11 18 20 26 
11 15 18 20 26 
1 4 15 24 26 
3 4 15 24 26 
3 15 17 24 26 
3 17 20 24 26 
3 18 20 24 26 
0 1 4 15 27 
0 1 4 16 27 
0 4 11 16 27 
3 4 12 16 27 
4 11 12 16 27 
5 11 12 16 27 
3 5 12 18 27 
5 6 16 18 27 
3 12 16 18 27 
5 12 16 18 27 
0 4 11 19 27 
3 4 12 19 27 
3 5 12 19 27 
4 11 12 19 27 
5 11 12 19 27 
0 4 15 19 27 
1 4 15 19 27 
5 6 15 19 27 
0 11 15 19 27 
5 11 15 19 27 
6 16 18 19 27 
1 4 18 24 27 
3 4 18 24 27 
1 15 18 24 27 
1 4 18 25 27 
3 4 18 25 27 
3 5 18 25 27 
5 6 18 25 27 
1 15 18 25 27 
1 4 19 25 27 
3 4 19 25 27 
3 5 19 25 27 
5 6 19 25 27 
1 15 19 25 27 
6 18 19 25 27 
0 1 15 26 27 
5 6 15 26 27 
0 11 15 26 27 
5 11 15 26 27 
0 1 16 26 27 
1 4 16 26 27 
3 4 16 26 27 
5 6 16 26 27 
0 11 16 26 27 
5 11 16 26 27 
3 16 18 26 27 
6 15 19 26 27 
6 16 19 26 27 
1 4 24 26 27 
3 4 24 26 27 
1 15 24 26 27 
3 18 24 26 27 
