5 211
0 2 9 13 14 
0 7 9 13 15 
4 7 9 14 15 
0 2 13 14 15 
2 7 13 14 15 
0 9 13 14 15 
7 9 13 14 15 
2 4 7 8 16 
2 4 7 9 16 
2 7 8 10 16 
4 7 8 10 16 
2 3 8 11 16 
2 4 8 11 16 
3 8 10 11 16 
4 8 10 11 16 
2 7 9 13 16 
0 2 7 10 17 
2 3 8 10 17 
0 2 7 13 17 
0 4 9 14 17 
0 4 9 15 17 
0 7 10 15 17 
2 7 10 15 17 
0 2 13 15 17 
0 7 13 15 17 
2 7 13 15 17 
0 2 14 16 17 
2 8 14 16 17 
1 10 14 16 17 
8 10 14 16 17 
0 2 14 15 18 
2 7 14 15 18 
0 9 14 15 18 
4 9 14 15 18 
2 8 10 16 18 
0 9 14 17 18 
4 9 14 17 18 
4 9 15 17 18 
4 14 15 17 18 
0 14 16 17 18 
0 2 4 9 19 
0 2 4 10 19 
0 1 10 12 19 
0 4 10 12 19 
1 4 10 12 19 
0 2 9 14 19 
0 4 9 14 19 
2 4 9 14 19 
0 1 4 7 20 
0 4 7 9 20 
0 1 7 10 20 
1 4 7 10 20 
0 1 4 12 20 
0 4 9 15 20 
0 7 9 15 20 
4 7 9 15 20 
0 1 10 15 20 
1 4 10 15 20 
0 7 10 15 20 
2 7 10 15 20 
2 8 10 15 20 
0 1 12 15 20 
0 4 12 15 20 
1 4 12 15 20 
2 8 15 18 20 
2 4 9 14 21 
4 7 9 14 21 
2 7 13 14 21 
2 9 13 14 21 
7 9 13 14 21 
1 4 10 15 21 
2 3 8 16 21 
2 4 9 16 21 
4 7 9 16 21 
2 7 10 16 21 
4 7 10 16 21 
3 8 10 16 21 
2 3 11 16 21 
2 4 11 16 21 
3 10 11 16 21 
4 10 11 16 21 
2 7 13 16 21 
2 9 13 16 21 
7 9 13 16 21 
0 2 14 16 21 
2 8 14 16 21 
1 10 14 16 21 
8 10 14 16 21 
1 14 16 17 21 
1 15 16 17 21 
0 2 14 18 21 
2 7 14 18 21 
2 7 15 18 21 
7 14 15 18 21 
0 14 16 18 21 
2 4 14 19 21 
4 7 14 19 21 
2 8 14 19 21 
7 14 15 19 21 
2 15 18 20 21 
2 8 10 18 22 
1 10 15 18 22 
8 10 15 18 22 
1 15 16 18 22 
2 7 10 20 22 
4 7 10 20 22 
2 8 10 20 22 
2 7 15 20 22 
4 7 15 20 22 
4 10 15 20 22 
8 10 15 20 22 
2 8 18 20 22 
8 15 18 20 22 
2 7 10 21 22 
4 7 10 21 22 
2 7 15 21 22 
4 7 15 21 22 
1 10 15 21 22 
4 10 15 21 22 
1 15 16 21 22 
2 10 18 21 22 
2 15 20 21 22 
2 18 20 21 22 
2 3 10 11 23 
2 4 10 11 23 
0 1 10 15 23 
0 1 12 15 23 
0 4 12 15 23 
1 4 12 15 23 
4 7 14 15 23 
2 3 8 17 23 
0 2 10 17 23 
2 3 10 17 23 
3 8 10 17 23 
0 2 14 17 23 
0 4 14 17 23 
2 8 14 17 23 
1 10 14 17 23 
8 10 14 17 23 
0 4 15 17 23 
0 10 15 17 23 
1 10 15 17 23 
4 14 15 17 23 
0 1 10 19 23 
0 2 10 19 23 
1 4 10 19 23 
2 4 10 19 23 
0 1 12 19 23 
0 4 12 19 23 
1 4 12 19 23 
0 2 14 19 23 
0 4 14 19 23 
4 7 14 19 23 
2 8 14 19 23 
7 14 15 19 23 
2 3 8 21 23 
1 4 10 21 23 
3 8 10 21 23 
2 3 11 21 23 
2 4 11 21 23 
3 10 11 21 23 
4 10 11 21 23 
1 10 14 21 23 
8 10 14 21 23 
1 4 15 21 23 
4 7 15 21 23 
1 14 17 21 23 
1 15 17 21 23 
2 4 19 21 23 
4 7 19 21 23 
2 8 19 21 23 
8 14 19 21 23 
7 15 19 21 23 
2 8 10 15 26 
2 8 10 17 26 
0 2 15 17 26 
0 9 15 17 26 
1 10 15 17 26 
2 10 15 17 26 
0 2 16 17 26 
2 8 16 17 26 
1 10 16 17 26 
8 10 16 17 26 
1 15 16 17 26 
0 2 15 18 26 
2 8 15 18 26 
0 9 15 18 26 
1 10 15 18 26 
8 10 15 18 26 
0 2 16 18 26 
2 8 16 18 26 
1 10 16 18 26 
8 10 16 18 26 
1 15 16 18 26 
0 9 17 18 26 
9 15 17 18 26 
0 16 17 18 26 
0 2 16 18 27 
1 10 16 18 27 
2 10 16 18 27 
0 2 16 21 27 
1 10 16 21 27 
2 10 16 21 27 
0 2 18 21 27 
2 10 18 21 27 
0 16 18 21 27 
1 10 18 22 27 
1 16 18 22 27 
1 10 21 22 27 
1 16 21 22 27 
10 18 21 22 27 
