5 209
0 1 5 7 14 
0 3 5 7 14 
1 3 6 10 14 
3 5 6 10 14 
3 5 7 10 14 
1 3 9 10 14 
3 9 10 12 14 
1 3 4 9 15 
3 4 9 12 15 
0 1 3 5 16 
1 3 5 11 16 
1 3 6 11 16 
3 5 6 11 16 
0 1 5 14 16 
0 3 5 14 16 
1 3 6 14 16 
3 5 6 14 16 
0 1 7 14 16 
0 3 7 14 16 
1 3 9 14 16 
1 9 10 14 16 
1 5 11 14 16 
1 6 11 14 16 
5 6 11 14 16 
3 4 12 14 16 
3 9 12 14 16 
9 10 12 14 16 
1 7 13 14 16 
1 3 9 15 16 
0 1 3 16 18 
0 1 7 16 18 
0 3 7 16 18 
1 3 15 16 18 
3 7 15 16 18 
1 10 15 16 18 
1 4 9 10 19 
1 5 7 14 19 
1 6 10 14 19 
1 5 11 14 19 
1 6 11 14 19 
1 7 13 14 19 
1 10 14 18 19 
6 10 14 18 19 
6 11 14 18 19 
1 13 14 18 19 
1 3 4 15 20 
1 4 9 15 20 
3 4 12 15 20 
3 9 12 15 20 
4 9 12 15 20 
1 9 10 16 20 
3 4 12 16 20 
3 9 12 16 20 
9 10 12 16 20 
3 7 15 16 20 
1 9 15 16 20 
3 9 15 16 20 
1 10 15 16 20 
6 10 14 18 20 
6 11 14 18 20 
1 3 15 18 20 
3 7 15 18 20 
1 10 15 18 20 
7 15 16 18 20 
1 3 4 19 20 
1 4 9 19 20 
1 9 10 19 20 
4 9 12 19 20 
9 10 12 19 20 
1 3 18 19 20 
1 10 18 19 20 
6 10 18 19 20 
6 11 18 19 20 
11 14 18 19 20 
0 1 3 7 21 
5 6 11 19 21 
6 11 19 20 21 
11 14 19 20 21 
3 4 10 12 23 
4 9 10 12 23 
1 3 4 13 23 
1 3 7 13 23 
3 4 10 13 23 
3 7 10 13 23 
5 6 10 19 23 
5 7 10 19 23 
4 9 10 19 23 
4 9 12 19 23 
9 10 12 19 23 
4 10 13 19 23 
7 10 13 19 23 
1 3 7 21 23 
5 6 10 21 23 
3 7 10 21 23 
5 7 10 21 23 
5 6 19 21 23 
6 19 20 21 23 
1 10 14 16 24 
4 12 14 16 24 
10 12 14 16 24 
1 13 14 16 24 
1 10 14 18 24 
1 13 14 18 24 
1 10 16 18 24 
1 13 16 18 24 
13 14 16 18 24 
10 15 16 18 24 
4 12 14 20 24 
10 12 14 20 24 
4 12 16 20 24 
10 12 16 20 24 
4 14 16 20 24 
10 15 16 20 24 
10 14 18 20 24 
10 15 18 20 24 
1 5 6 10 26 
1 5 7 10 26 
1 5 6 11 26 
1 4 10 13 26 
1 7 10 13 26 
1 3 4 19 26 
1 5 7 19 26 
1 4 10 19 26 
1 6 10 19 26 
5 6 10 19 26 
5 7 10 19 26 
1 5 11 19 26 
1 6 11 19 26 
5 6 11 19 26 
1 7 13 19 26 
4 10 13 19 26 
7 10 13 19 26 
3 4 19 20 26 
4 12 19 20 26 
3 18 19 20 26 
5 6 10 14 27 
3 7 10 14 27 
5 7 10 14 27 
5 6 11 14 27 
3 4 12 14 27 
3 10 12 14 27 
1 7 13 16 27 
3 4 14 16 27 
3 7 14 16 27 
7 13 14 16 27 
0 1 3 18 27 
0 1 7 18 27 
0 3 7 18 27 
1 7 16 18 27 
1 13 16 18 27 
13 14 16 18 27 
5 7 14 19 27 
5 11 14 19 27 
7 13 14 19 27 
1 3 18 19 27 
1 13 18 19 27 
13 14 18 19 27 
6 10 14 20 27 
6 11 14 20 27 
4 12 14 20 27 
10 12 14 20 27 
3 4 16 20 27 
3 7 16 20 27 
4 14 16 20 27 
3 7 18 20 27 
7 16 18 20 27 
6 10 19 20 27 
10 12 19 20 27 
0 1 3 21 27 
0 1 7 21 27 
0 3 7 21 27 
5 6 10 21 27 
3 7 10 21 27 
5 7 10 21 27 
5 6 11 21 27 
5 11 19 21 27 
11 14 19 21 27 
6 11 20 21 27 
11 14 20 21 27 
1 3 4 23 27 
3 4 12 23 27 
3 10 12 23 27 
1 4 13 23 27 
1 7 13 23 27 
5 7 19 23 27 
6 10 19 23 27 
4 12 19 23 27 
10 12 19 23 27 
4 13 19 23 27 
7 13 19 23 27 
6 19 20 23 27 
1 3 21 23 27 
1 7 21 23 27 
5 7 21 23 27 
3 10 21 23 27 
6 10 21 23 27 
5 19 21 23 27 
6 20 21 23 27 
1 3 4 26 27 
1 4 13 26 27 
1 3 19 26 27 
4 12 19 26 27 
1 13 19 26 27 
4 13 19 26 27 
3 18 19 26 27 
3 4 20 26 27 
4 12 20 26 27 
3 18 20 26 27 
12 19 20 26 27 
