5 207
1 3 4 5 14 
0 3 5 7 14 
1 3 5 7 14 
1 4 5 9 14 
1 5 9 14 15 
2 5 9 14 15 
2 5 11 14 15 
3 4 5 13 16 
3 4 11 13 16 
4 5 11 13 16 
2 5 11 14 16 
2 11 14 15 16 
2 3 5 11 17 
3 5 11 13 17 
2 3 5 15 17 
1 5 9 15 17 
2 5 11 15 17 
2 3 11 16 17 
3 11 13 16 17 
5 11 13 16 17 
0 3 15 16 17 
2 3 15 16 17 
1 5 15 16 17 
2 11 15 16 17 
5 11 15 16 17 
1 2 3 4 21 
1 2 3 7 21 
1 2 4 9 21 
1 3 4 14 22 
0 3 5 14 22 
3 4 5 14 22 
0 3 7 14 22 
1 3 7 14 22 
0 5 7 14 22 
1 5 7 14 22 
1 4 9 14 22 
2 5 9 14 22 
4 5 9 14 22 
1 5 14 15 22 
1 9 14 15 22 
2 9 14 15 22 
5 11 14 15 22 
0 3 5 16 22 
2 5 14 16 22 
5 11 14 16 22 
1 5 15 16 22 
5 11 15 16 22 
11 14 15 16 22 
1 4 9 17 22 
1 9 15 17 22 
1 15 16 17 22 
1 3 4 21 22 
0 3 7 21 22 
1 3 7 21 22 
1 5 7 21 22 
2 4 9 21 22 
2 9 10 21 22 
0 3 5 16 23 
3 5 13 16 23 
0 3 16 17 23 
1 5 16 17 23 
3 13 16 17 23 
5 13 16 17 23 
3 5 13 19 23 
0 3 17 19 23 
3 13 17 19 23 
0 3 7 21 23 
2 3 7 21 23 
1 4 9 21 23 
2 9 10 22 23 
0 5 16 22 23 
1 5 16 22 23 
1 4 17 22 23 
1 16 17 22 23 
1 4 21 22 23 
1 5 21 22 23 
4 9 21 22 23 
9 10 21 22 23 
2 4 5 9 24 
2 3 4 11 24 
2 4 5 11 24 
3 4 5 16 24 
2 3 11 16 24 
3 4 11 16 24 
2 5 11 16 24 
4 5 11 16 24 
2 3 4 21 24 
0 3 16 21 24 
2 3 16 21 24 
2 10 16 21 24 
3 4 5 22 24 
2 4 9 22 24 
2 5 9 22 24 
4 5 9 22 24 
0 3 16 22 24 
2 5 16 22 24 
3 5 16 22 24 
2 10 16 22 24 
0 3 21 22 24 
2 4 21 22 24 
3 4 21 22 24 
2 10 21 22 24 
0 16 21 22 24 
1 2 9 10 25 
1 2 7 21 25 
1 5 7 21 25 
1 2 9 21 25 
2 9 10 21 25 
0 5 7 22 25 
0 7 21 22 25 
5 7 21 22 25 
0 16 21 22 25 
1 2 7 23 25 
0 5 7 23 25 
1 5 7 23 25 
1 2 10 23 25 
1 9 10 23 25 
1 5 21 23 25 
0 7 21 23 25 
2 7 21 23 25 
1 9 21 23 25 
2 10 21 23 25 
9 10 21 23 25 
0 16 21 23 25 
0 5 22 23 25 
0 16 22 23 25 
5 21 22 23 25 
2 3 5 15 26 
2 5 9 15 26 
0 3 15 16 26 
2 3 15 16 26 
2 14 15 16 26 
3 5 13 17 26 
0 3 15 17 26 
3 5 15 17 26 
5 9 15 17 26 
0 15 16 17 26 
3 5 13 19 26 
0 3 17 19 26 
4 9 17 19 26 
5 9 17 19 26 
3 13 17 19 26 
5 13 17 19 26 
0 3 16 21 26 
2 3 16 21 26 
2 10 16 21 26 
2 9 15 22 26 
2 14 15 22 26 
2 10 16 22 26 
2 14 16 22 26 
4 9 17 22 26 
9 15 17 22 26 
2 3 5 23 26 
2 5 9 23 26 
0 16 17 23 26 
0 3 19 23 26 
3 5 19 23 26 
4 9 19 23 26 
5 9 19 23 26 
0 17 19 23 26 
0 3 21 23 26 
2 3 21 23 26 
2 10 21 23 26 
0 16 21 23 26 
2 9 22 23 26 
4 9 22 23 26 
2 10 22 23 26 
10 21 22 23 26 
10 16 21 24 26 
10 16 22 24 26 
10 21 22 24 26 
0 2 3 5 27 
0 2 3 7 27 
0 2 5 7 27 
1 2 5 7 27 
1 2 5 10 27 
1 5 9 10 27 
2 5 9 10 27 
1 4 9 17 27 
1 5 9 17 27 
4 9 17 19 27 
5 9 17 19 27 
5 13 17 19 27 
0 3 5 23 27 
2 3 5 23 27 
1 2 7 23 27 
0 3 7 23 27 
2 3 7 23 27 
0 5 7 23 27 
1 5 7 23 27 
1 4 9 23 27 
2 5 9 23 27 
1 2 10 23 27 
1 9 10 23 27 
2 9 10 23 27 
1 4 17 23 27 
1 5 17 23 27 
5 13 17 23 27 
4 9 19 23 27 
5 9 19 23 27 
5 13 19 23 27 
13 17 19 23 27 
4 17 22 23 27 
4 17 19 26 27 
4 17 22 26 27 
4 19 23 26 27 
4 22 23 26 27 
