5 178
4 5 6 10 14 
4 6 8 10 14 
0 3 4 6 16 
0 3 5 6 16 
2 3 5 6 16 
0 4 5 6 16 
0 3 4 5 17 
1 3 4 5 17 
1 4 6 8 17 
1 3 4 9 17 
1 3 6 9 17 
1 4 6 9 17 
0 4 5 14 18 
2 5 6 14 18 
4 5 10 14 18 
5 6 10 14 18 
1 2 3 5 19 
1 2 5 6 19 
4 5 8 10 19 
5 6 8 10 19 
1 2 3 13 19 
1 2 6 13 19 
2 3 6 13 19 
3 4 6 9 20 
1 3 6 17 20 
3 6 9 17 20 
4 6 9 17 20 
1 3 13 17 20 
1 3 6 13 21 
2 3 6 16 21 
3 4 6 16 21 
4 6 8 16 21 
3 4 9 16 21 
0 4 5 18 21 
2 5 6 18 21 
4 5 10 18 21 
5 6 10 18 21 
2 5 14 18 21 
2 3 5 19 21 
0 4 5 19 21 
2 3 6 19 21 
2 5 6 19 21 
4 6 8 19 21 
4 5 10 19 21 
5 6 10 19 21 
4 8 10 19 21 
6 8 10 19 21 
0 4 18 19 21 
1 3 6 20 21 
4 8 10 20 21 
1 3 13 20 21 
4 10 18 20 21 
4 18 19 20 21 
0 4 5 14 24 
2 5 6 14 24 
4 5 6 14 24 
4 6 8 14 24 
4 8 10 14 24 
6 8 10 14 24 
0 3 4 16 24 
0 3 5 16 24 
2 3 5 16 24 
0 4 5 16 24 
2 5 6 16 24 
4 5 6 16 24 
4 6 8 16 24 
3 4 9 16 24 
3 4 9 17 24 
0 3 4 18 24 
0 3 5 18 24 
0 4 14 18 24 
0 5 14 18 24 
2 6 14 18 24 
4 10 14 18 24 
6 10 14 18 24 
3 4 17 18 24 
4 10 17 18 24 
3 13 17 18 24 
4 8 10 20 24 
3 9 17 20 24 
4 9 17 20 24 
4 10 17 20 24 
3 13 17 20 24 
10 17 18 20 24 
2 3 5 21 24 
6 8 10 21 24 
2 5 14 21 24 
2 3 16 21 24 
2 6 16 21 24 
6 8 16 21 24 
3 9 16 21 24 
2 6 18 21 24 
6 10 18 21 24 
2 14 18 21 24 
8 10 20 21 24 
8 16 20 21 24 
10 18 20 21 24 
3 4 6 20 25 
3 4 9 20 25 
3 4 6 21 25 
3 4 9 21 25 
4 8 16 21 25 
4 9 16 21 25 
5 14 18 21 25 
3 5 20 21 25 
3 6 20 21 25 
4 6 20 21 25 
4 8 20 21 25 
8 16 20 21 25 
4 8 16 24 25 
4 9 16 24 25 
5 14 18 24 25 
3 5 20 24 25 
4 8 20 24 25 
3 9 20 24 25 
4 9 20 24 25 
8 16 20 24 25 
3 5 21 24 25 
3 9 21 24 25 
5 14 21 24 25 
9 16 21 24 25 
1 4 5 8 27 
1 5 6 8 27 
0 3 4 17 27 
0 3 5 17 27 
1 3 5 17 27 
0 4 5 17 27 
1 4 5 17 27 
1 4 8 17 27 
1 6 8 17 27 
4 6 8 17 27 
1 3 13 17 27 
0 3 4 18 27 
0 3 5 18 27 
3 4 17 18 27 
4 10 17 18 27 
3 13 17 18 27 
1 3 5 19 27 
0 4 5 19 27 
1 5 6 19 27 
4 5 8 19 27 
4 6 8 19 27 
5 6 8 19 27 
1 3 13 19 27 
1 6 13 19 27 
3 6 13 19 27 
0 4 18 19 27 
1 6 17 20 27 
4 6 17 20 27 
4 10 17 20 27 
1 13 17 20 27 
4 10 18 20 27 
10 17 18 20 27 
4 18 19 20 27 
1 6 13 21 27 
3 6 13 21 27 
0 5 18 21 27 
0 5 19 21 27 
3 5 19 21 27 
3 6 19 21 27 
4 6 19 21 27 
0 18 19 21 27 
3 5 20 21 27 
1 6 20 21 27 
4 6 20 21 27 
1 13 20 21 27 
3 13 20 21 27 
4 19 20 21 27 
3 5 18 24 27 
3 13 18 24 27 
13 17 18 24 27 
3 5 20 24 27 
3 13 20 24 27 
13 17 20 24 27 
5 18 21 25 27 
5 20 21 25 27 
5 18 24 25 27 
5 20 24 25 27 
