5 133
1 2 3 4 14 
0 2 4 5 14 
1 2 4 5 14 
1 3 4 5 14 
0 2 4 8 14 
1 2 3 14 17 
0 2 5 14 17 
1 2 5 14 17 
1 3 5 14 17 
0 4 5 14 17 
3 4 5 14 17 
0 2 8 14 17 
0 4 8 14 17 
3 4 10 14 17 
3 9 10 14 17 
0 3 4 9 18 
3 4 9 10 18 
0 2 8 17 18 
1 2 5 17 19 
3 4 10 17 19 
3 9 10 17 19 
9 10 14 17 19 
0 3 4 18 19 
0 4 8 18 19 
3 4 10 18 19 
3 9 10 18 19 
0 2 17 18 19 
1 2 17 18 19 
0 8 17 18 19 
2 3 4 8 20 
3 4 8 10 20 
3 8 9 10 20 
1 5 17 19 20 
4 8 9 10 21 
2 3 4 14 21 
2 4 8 14 21 
3 4 10 14 21 
3 9 10 14 21 
1 2 3 17 21 
1 3 5 17 21 
2 3 14 17 21 
2 8 14 17 21 
4 8 14 17 21 
3 9 14 17 21 
4 10 14 17 21 
0 2 8 18 21 
0 4 8 18 21 
0 3 9 18 21 
0 4 9 18 21 
4 9 10 18 21 
1 2 17 18 21 
2 8 17 18 21 
9 10 14 19 21 
3 5 17 19 21 
3 9 17 19 21 
9 14 17 19 21 
0 2 18 19 21 
1 2 18 19 21 
0 3 18 19 21 
4 8 18 19 21 
3 9 18 19 21 
4 10 18 19 21 
9 10 18 19 21 
1 2 3 20 21 
2 3 4 20 21 
1 3 5 20 21 
2 4 8 20 21 
3 4 10 20 21 
4 8 10 20 21 
3 9 10 20 21 
8 9 10 20 21 
1 5 17 20 21 
5 17 19 20 21 
0 2 3 8 26 
0 3 8 9 26 
0 4 8 9 26 
0 2 3 19 26 
1 2 3 19 26 
1 3 5 19 26 
1 17 18 19 26 
1 2 3 20 26 
1 3 5 20 26 
2 3 8 20 26 
3 8 9 20 26 
1 5 19 20 26 
1 17 19 20 26 
0 2 8 21 26 
0 4 8 21 26 
0 3 9 21 26 
0 4 9 21 26 
4 8 9 21 26 
1 17 18 21 26 
0 2 19 21 26 
1 2 19 21 26 
0 3 19 21 26 
3 5 19 21 26 
1 18 19 21 26 
1 2 20 21 26 
3 5 20 21 26 
2 8 20 21 26 
3 9 20 21 26 
8 9 20 21 26 
1 17 20 21 26 
5 19 20 21 26 
0 2 3 5 27 
1 2 3 5 27 
0 3 4 5 27 
0 2 5 17 27 
0 4 5 17 27 
3 4 5 17 27 
0 4 8 17 27 
0 2 3 19 27 
1 2 3 19 27 
0 3 4 19 27 
1 2 5 19 27 
1 3 5 19 27 
0 4 8 19 27 
0 2 17 19 27 
3 4 17 19 27 
2 5 17 19 27 
3 5 17 19 27 
0 8 17 19 27 
4 10 17 19 27 
10 14 17 19 27 
8 17 18 19 27 
4 8 17 21 27 
4 10 17 21 27 
10 14 17 21 27 
8 17 18 21 27 
4 8 19 21 27 
4 10 19 21 27 
10 14 19 21 27 
8 18 19 21 27 
