5 196
1 2 7 10 14 
1 5 7 10 14 
2 5 7 10 14 
1 3 5 6 15 
3 6 8 9 17 
1 3 5 10 17 
3 5 6 10 17 
2 6 8 10 17 
3 6 9 10 17 
4 8 9 10 17 
6 8 9 10 17 
2 5 10 11 17 
2 6 10 11 17 
5 6 10 11 17 
1 3 6 14 17 
0 1 7 14 17 
0 2 7 14 17 
1 5 7 14 17 
2 5 7 14 17 
2 6 8 14 17 
3 6 8 14 17 
3 8 9 14 17 
4 8 9 14 17 
1 3 10 14 17 
1 5 10 14 17 
2 5 10 14 17 
2 8 10 14 17 
4 8 10 14 17 
3 9 10 14 17 
4 9 10 14 17 
1 3 5 15 17 
1 3 6 15 17 
3 5 6 15 17 
0 1 7 15 17 
1 5 7 15 17 
0 1 7 14 19 
0 2 7 14 19 
1 2 7 14 19 
2 6 8 14 19 
1 2 10 14 19 
1 3 10 14 19 
2 8 10 14 19 
0 1 2 5 20 
1 2 5 6 20 
0 1 5 7 20 
0 2 5 7 20 
2 5 6 11 20 
3 6 8 14 20 
6 8 14 19 20 
8 10 14 19 20 
1 5 6 15 22 
1 5 7 15 22 
0 1 15 17 22 
1 6 15 17 22 
5 6 15 17 22 
5 7 15 17 22 
1 3 6 14 23 
4 8 9 14 23 
4 8 10 14 23 
3 9 10 14 23 
4 9 10 14 23 
0 1 7 15 23 
0 2 7 17 23 
0 1 14 17 23 
0 7 15 17 23 
1 3 10 19 23 
0 1 14 19 23 
1 3 14 19 23 
3 10 14 19 23 
0 2 17 19 23 
0 14 17 19 23 
0 1 2 20 23 
1 5 6 20 23 
0 1 7 20 23 
0 2 7 20 23 
1 5 7 20 23 
2 5 7 20 23 
2 6 8 20 23 
2 5 11 20 23 
2 6 11 20 23 
5 6 11 20 23 
6 8 19 20 23 
8 10 19 20 23 
10 14 19 20 23 
1 5 6 22 23 
1 5 7 22 23 
0 1 15 22 23 
1 7 15 22 23 
0 1 17 22 23 
0 15 17 22 23 
1 2 3 6 24 
2 3 6 8 24 
3 8 9 14 24 
1 2 6 20 24 
2 6 8 20 24 
3 6 8 20 24 
3 8 14 20 24 
3 9 14 20 24 
8 10 14 20 24 
1 2 3 23 24 
1 3 6 23 24 
2 3 8 23 24 
3 8 9 23 24 
8 9 14 23 24 
8 10 14 23 24 
1 2 20 23 24 
1 6 20 23 24 
3 6 20 23 24 
2 8 20 23 24 
3 9 20 23 24 
8 10 20 23 24 
10 14 20 23 24 
7 15 17 22 25 
2 5 7 23 25 
2 7 17 23 25 
7 15 17 23 25 
2 5 19 23 25 
2 17 19 23 25 
5 7 22 23 25 
7 15 22 23 25 
2 5 7 17 26 
2 5 11 17 26 
2 6 11 17 26 
5 6 11 17 26 
0 2 14 17 26 
1 6 14 17 26 
2 6 14 17 26 
0 2 14 19 26 
2 6 14 19 26 
0 2 17 19 26 
0 14 17 19 26 
3 6 14 20 26 
3 9 14 20 26 
6 14 19 20 26 
1 6 17 22 26 
5 6 17 22 26 
5 7 17 22 26 
2 5 11 23 26 
2 6 11 23 26 
5 6 11 23 26 
1 6 14 23 26 
3 6 14 23 26 
3 9 14 23 26 
1 14 17 23 26 
3 6 20 23 26 
3 9 20 23 26 
1 6 22 23 26 
5 6 22 23 26 
1 17 22 23 26 
9 14 20 24 26 
9 14 23 24 26 
9 20 23 24 26 
2 5 7 25 26 
2 7 17 25 26 
2 5 19 25 26 
2 17 19 25 26 
5 7 22 25 26 
7 17 22 25 26 
5 19 23 25 26 
5 22 23 25 26 
0 1 2 7 27 
3 4 8 9 27 
1 2 3 10 27 
2 3 8 10 27 
3 4 8 10 27 
3 4 9 10 27 
0 1 7 19 27 
0 2 7 19 27 
1 2 7 19 27 
2 6 8 19 27 
1 2 10 19 27 
2 8 10 19 27 
0 1 2 23 27 
1 2 3 23 27 
2 3 8 23 27 
2 6 8 23 27 
3 8 9 23 27 
4 8 9 23 27 
1 3 10 23 27 
4 8 10 23 27 
3 9 10 23 27 
4 9 10 23 27 
0 1 19 23 27 
0 2 19 23 27 
2 5 19 23 27 
6 8 19 23 27 
1 10 19 23 27 
8 10 19 23 27 
6 19 20 23 27 
2 5 19 26 27 
2 6 19 26 27 
6 19 20 26 27 
2 5 23 26 27 
2 6 23 26 27 
5 19 23 26 27 
6 20 23 26 27 
