5 182
0 2 5 7 14 
0 2 6 7 14 
0 2 6 12 15 
2 5 7 12 15 
0 6 7 12 15 
2 6 7 12 15 
5 7 12 13 15 
0 2 6 15 17 
0 4 7 15 17 
2 5 7 15 17 
0 6 7 15 17 
2 6 7 15 17 
5 7 13 15 17 
0 4 7 12 18 
1 4 7 12 18 
0 1 4 7 19 
0 1 5 7 19 
1 3 5 7 19 
0 1 4 12 19 
0 1 5 12 19 
1 3 5 12 19 
3 5 7 13 19 
0 6 7 17 19 
2 6 7 17 19 
1 3 7 15 20 
2 5 7 14 21 
5 7 13 14 21 
0 4 7 17 21 
4 7 15 17 21 
2 7 17 18 21 
7 15 17 18 21 
0 4 7 19 21 
1 4 7 19 21 
0 6 17 19 21 
0 7 17 19 21 
2 7 17 19 21 
0 4 7 15 23 
0 4 12 15 23 
0 7 12 15 23 
3 7 12 15 23 
0 4 7 18 23 
0 4 12 18 23 
0 7 12 18 23 
3 7 12 18 23 
3 7 15 18 23 
4 7 15 21 23 
2 7 18 21 23 
7 15 18 21 23 
1 3 7 12 24 
5 7 13 17 24 
1 3 7 20 24 
1 4 7 20 24 
5 7 17 20 24 
5 7 13 21 24 
7 13 14 21 24 
2 17 19 21 24 
1 7 15 17 25 
1 4 7 20 25 
1 4 15 20 25 
1 7 15 20 25 
7 15 17 20 25 
1 4 7 21 25 
1 7 14 21 25 
4 7 20 24 25 
4 15 20 24 25 
7 17 20 24 25 
4 7 21 24 25 
7 14 21 24 25 
4 15 21 24 25 
1 3 12 15 26 
1 4 12 15 26 
2 5 7 17 26 
1 4 7 18 26 
1 4 12 18 26 
1 7 12 18 26 
3 7 12 18 26 
3 7 15 18 26 
2 7 17 18 26 
7 15 17 18 26 
1 3 15 20 26 
1 4 15 20 26 
3 7 15 20 26 
5 7 17 20 26 
7 15 17 20 26 
2 5 7 21 26 
2 17 18 21 26 
3 12 15 23 26 
4 12 15 23 26 
2 7 18 23 26 
4 7 18 23 26 
3 12 18 23 26 
4 12 18 23 26 
3 15 18 23 26 
2 7 21 23 26 
4 7 21 23 26 
4 15 21 23 26 
2 18 21 23 26 
1 4 7 24 26 
1 3 12 24 26 
1 7 12 24 26 
3 7 12 24 26 
2 5 17 24 26 
1 3 20 24 26 
1 4 20 24 26 
3 7 20 24 26 
5 7 20 24 26 
4 15 20 24 26 
5 17 20 24 26 
2 5 21 24 26 
4 7 21 24 26 
5 7 21 24 26 
4 15 21 24 26 
2 17 21 24 26 
0 2 5 12 27 
3 5 12 13 27 
3 7 12 13 27 
0 2 5 14 27 
0 2 6 14 27 
0 5 7 14 27 
0 6 7 14 27 
2 6 7 14 27 
5 7 13 14 27 
1 3 7 15 27 
0 2 12 15 27 
1 3 12 15 27 
0 4 12 15 27 
1 4 12 15 27 
2 5 12 15 27 
3 7 12 15 27 
5 12 13 15 27 
7 12 13 15 27 
0 2 6 17 27 
0 2 15 17 27 
0 4 15 17 27 
2 5 15 17 27 
1 7 15 17 27 
5 13 15 17 27 
7 13 15 17 27 
1 3 7 19 27 
0 5 7 19 27 
0 6 7 19 27 
2 6 7 19 27 
1 3 12 19 27 
0 4 12 19 27 
1 4 12 19 27 
0 5 12 19 27 
3 5 12 19 27 
3 5 13 19 27 
3 7 13 19 27 
5 7 13 19 27 
2 6 17 19 27 
2 5 14 21 27 
1 7 14 21 27 
2 7 14 21 27 
5 13 14 21 27 
0 4 17 21 27 
0 6 17 21 27 
4 15 17 21 27 
0 4 19 21 27 
1 4 19 21 27 
0 6 19 21 27 
1 7 19 21 27 
2 7 19 21 27 
6 17 19 21 27 
7 13 14 24 27 
2 5 17 24 27 
5 13 17 24 27 
7 13 17 24 27 
2 17 19 24 27 
2 5 21 24 27 
5 13 21 24 27 
13 14 21 24 27 
2 19 21 24 27 
1 7 14 25 27 
1 4 15 25 27 
1 7 17 25 27 
1 15 17 25 27 
1 4 21 25 27 
1 14 21 25 27 
4 15 21 25 27 
7 14 24 25 27 
7 17 24 25 27 
