5 146
0 4 9 11 15 
0 2 5 9 17 
0 2 5 11 17 
2 5 9 11 17 
5 6 9 11 17 
0 3 9 16 17 
0 5 9 16 17 
3 5 9 16 17 
0 4 14 16 17 
0 5 14 16 17 
3 5 14 16 17 
0 3 15 16 17 
0 3 5 9 18 
0 3 9 16 18 
0 5 9 16 18 
3 5 9 16 18 
0 5 11 16 18 
0 4 14 16 18 
0 5 11 16 21 
0 5 14 16 21 
3 5 14 16 21 
0 2 9 17 21 
0 3 9 17 21 
3 5 9 17 21 
5 6 9 17 21 
0 2 11 17 21 
0 5 11 17 21 
5 6 11 17 21 
2 9 11 17 21 
6 9 11 17 21 
0 4 14 17 21 
0 5 14 17 21 
3 5 14 17 21 
0 3 15 17 21 
3 14 16 17 21 
3 15 16 17 21 
0 4 14 18 21 
0 11 16 18 21 
0 14 16 18 21 
0 2 11 15 23 
0 2 15 21 23 
0 3 15 21 23 
2 11 15 21 23 
0 4 9 15 24 
0 2 11 15 24 
0 9 11 15 24 
4 9 11 15 24 
0 3 15 16 24 
3 5 6 9 25 
0 3 5 11 25 
3 5 6 11 25 
0 3 9 11 25 
3 6 9 11 25 
0 4 16 17 25 
0 15 16 17 25 
0 2 15 21 25 
0 4 17 21 25 
0 15 17 21 25 
0 4 9 24 25 
0 2 11 24 25 
0 9 11 24 25 
0 2 15 24 25 
0 4 16 24 25 
0 15 16 24 25 
4 14 16 17 26 
0 3 5 18 26 
0 5 11 18 26 
0 3 16 18 26 
0 4 16 18 26 
3 5 16 18 26 
5 11 16 18 26 
4 14 16 18 26 
3 5 9 21 26 
5 6 9 21 26 
0 2 11 21 26 
5 6 11 21 26 
2 11 15 21 26 
3 5 16 21 26 
5 11 16 21 26 
4 14 17 21 26 
0 4 18 21 26 
0 11 18 21 26 
4 14 18 21 26 
11 16 18 21 26 
6 11 15 23 26 
6 11 21 23 26 
11 15 21 23 26 
4 9 11 24 26 
0 3 15 24 26 
0 4 15 24 26 
2 11 15 24 26 
4 11 15 24 26 
0 3 16 24 26 
0 4 16 24 26 
3 15 16 24 26 
0 3 5 25 26 
0 3 9 25 26 
0 4 9 25 26 
3 5 9 25 26 
5 6 9 25 26 
0 2 11 25 26 
0 5 11 25 26 
5 6 11 25 26 
6 9 11 25 26 
4 16 17 25 26 
0 2 21 25 26 
0 4 21 25 26 
2 15 21 25 26 
4 17 21 25 26 
4 9 24 25 26 
2 11 24 25 26 
9 11 24 25 26 
2 15 24 25 26 
4 16 24 25 26 
0 2 4 9 27 
0 2 4 11 27 
2 4 9 11 27 
0 4 11 15 27 
0 2 9 21 27 
0 3 9 21 27 
2 9 11 21 27 
6 9 11 21 27 
3 15 16 21 27 
0 2 11 23 27 
0 3 15 23 27 
0 11 15 23 27 
6 11 15 23 27 
0 2 21 23 27 
0 3 21 23 27 
2 11 21 23 27 
6 11 21 23 27 
3 15 21 23 27 
0 3 9 26 27 
0 4 9 26 27 
4 9 11 26 27 
6 9 11 26 27 
0 3 15 26 27 
0 4 15 26 27 
4 11 15 26 27 
6 11 15 26 27 
3 15 16 26 27 
3 9 21 26 27 
6 9 21 26 27 
3 16 21 26 27 
6 15 23 26 27 
6 21 23 26 27 
