5 215
0 2 4 6 14 
2 3 4 6 14 
0 2 6 10 14 
0 3 6 10 14 
2 3 6 10 14 
0 1 2 7 16 
0 1 5 7 16 
0 2 7 8 16 
0 5 7 8 16 
2 5 7 8 16 
1 5 7 11 16 
2 5 7 11 16 
1 2 3 15 16 
2 3 4 15 16 
1 2 7 15 16 
1 5 11 15 16 
2 5 11 15 16 
1 7 11 15 16 
2 7 11 15 16 
1 3 12 15 16 
3 4 12 15 16 
0 2 4 5 17 
0 2 5 8 17 
0 2 4 14 17 
0 2 10 14 17 
1 2 3 15 17 
2 3 4 15 17 
1 2 7 15 17 
1 3 12 15 17 
3 4 12 15 17 
2 4 14 15 17 
2 7 14 15 17 
4 12 14 15 17 
1 3 4 12 18 
1 4 12 17 18 
0 1 4 5 19 
1 2 4 5 19 
0 1 4 6 19 
1 2 3 12 19 
1 2 4 12 19 
2 3 4 12 19 
1 2 3 17 19 
2 3 4 17 19 
0 4 5 17 19 
2 4 5 17 19 
1 2 7 17 19 
0 2 8 17 19 
0 5 8 17 19 
2 5 8 17 19 
0 2 10 17 19 
1 3 12 17 19 
1 4 12 17 19 
3 4 12 17 19 
0 1 2 3 20 
0 1 3 6 20 
1 3 4 6 20 
1 5 14 15 20 
1 7 14 15 20 
0 1 2 16 20 
1 2 3 16 20 
2 3 4 16 20 
0 1 5 16 20 
0 2 8 16 20 
0 5 8 16 20 
2 5 8 16 20 
1 3 12 16 20 
3 4 12 16 20 
2 4 15 16 20 
1 5 15 16 20 
2 5 15 16 20 
1 12 15 16 20 
1 7 15 17 20 
1 12 15 17 20 
7 14 15 17 20 
12 15 16 17 20 
1 3 4 18 20 
1 3 12 18 20 
3 4 12 18 20 
0 4 17 18 20 
1 7 17 18 20 
1 12 17 18 20 
4 12 17 18 20 
7 14 17 18 20 
0 4 14 17 21 
2 7 14 17 21 
0 10 14 17 21 
2 10 14 17 21 
4 12 14 17 21 
0 2 8 19 21 
0 2 10 19 21 
2 7 14 19 21 
2 7 17 19 21 
2 10 17 19 21 
7 14 17 19 21 
0 2 3 10 22 
1 2 7 11 22 
2 3 4 14 22 
0 3 6 14 22 
0 4 6 14 22 
3 4 6 14 22 
0 3 10 14 22 
2 3 10 14 22 
1 5 11 15 22 
2 5 11 15 22 
1 7 11 15 22 
2 7 11 15 22 
2 4 14 15 22 
1 5 14 15 22 
1 7 14 15 22 
2 7 14 15 22 
4 12 14 15 22 
4 12 15 16 22 
12 14 15 17 22 
12 15 16 17 22 
0 2 3 20 22 
2 3 4 20 22 
0 3 6 20 22 
0 4 6 20 22 
3 4 6 20 22 
0 2 8 20 22 
0 5 8 20 22 
2 5 8 20 22 
2 4 15 20 22 
2 5 15 20 22 
5 14 15 20 22 
4 12 16 20 22 
4 15 16 20 22 
0 4 17 20 22 
4 12 17 20 22 
12 16 17 20 22 
0 2 8 21 22 
0 2 10 21 22 
0 4 14 21 22 
2 8 14 21 22 
0 10 14 21 22 
2 10 14 21 22 
4 12 14 21 22 
0 4 17 21 22 
4 12 17 21 22 
12 14 17 21 22 
0 4 17 18 24 
1 4 17 18 24 
1 7 17 18 24 
7 14 17 18 24 
0 1 5 19 24 
0 1 6 19 24 
0 4 6 19 24 
1 4 6 19 24 
0 5 8 19 24 
2 7 14 19 24 
0 4 17 19 24 
1 4 17 19 24 
1 7 17 19 24 
0 10 17 19 24 
7 14 17 19 24 
0 1 5 20 24 
0 1 6 20 24 
0 4 6 20 24 
1 4 6 20 24 
1 5 14 20 24 
1 7 14 20 24 
7 14 18 20 24 
0 10 17 21 24 
0 8 19 21 24 
0 10 19 21 24 
10 17 19 21 24 
1 2 7 22 24 
0 5 8 22 24 
2 5 8 22 24 
1 2 11 22 24 
1 5 11 22 24 
2 5 11 22 24 
1 5 14 22 24 
1 7 14 22 24 
2 7 14 22 24 
2 8 14 22 24 
0 5 20 22 24 
5 14 20 22 24 
0 17 20 22 24 
0 8 21 22 24 
8 14 21 22 24 
0 17 21 22 24 
1 2 5 11 25 
1 2 5 19 25 
1 2 7 19 25 
2 5 8 19 25 
2 8 14 21 25 
2 8 19 21 25 
2 14 19 21 25 
1 2 7 24 25 
2 5 8 24 25 
1 2 11 24 25 
1 5 11 24 25 
2 5 11 24 25 
2 8 14 24 25 
1 5 19 24 25 
1 7 19 24 25 
2 7 19 24 25 
5 8 19 24 25 
2 14 19 24 25 
8 14 21 24 25 
8 19 21 24 25 
0 4 18 20 26 
1 4 18 20 26 
1 7 18 20 26 
0 17 18 20 26 
0 4 18 24 26 
1 4 18 24 26 
1 7 18 24 26 
0 17 18 24 26 
0 4 20 24 26 
1 4 20 24 26 
1 7 20 24 26 
0 17 20 24 26 
7 18 20 24 26 
