5 120
0 3 5 12 17 
0 3 6 12 17 
0 5 6 12 17 
3 5 7 12 17 
3 6 8 12 17 
3 6 7 18 20 
3 6 8 18 20 
6 7 10 18 20 
5 10 17 18 20 
5 6 7 10 21 
5 7 10 13 21 
5 6 7 20 21 
5 6 10 20 21 
6 7 10 20 21 
5 7 13 20 21 
0 5 18 20 21 
5 10 18 20 21 
7 10 18 20 21 
7 12 18 20 21 
0 3 5 6 22 
3 5 6 13 22 
3 5 7 13 22 
3 6 7 13 22 
5 6 10 13 22 
6 7 10 13 22 
0 3 6 18 22 
0 5 6 18 22 
3 6 7 18 22 
5 6 10 18 22 
6 7 10 18 22 
3 7 12 20 22 
3 8 12 20 22 
3 7 18 20 22 
3 8 18 20 22 
7 12 18 20 22 
0 3 5 21 22 
5 10 13 21 22 
7 10 13 21 22 
0 3 18 21 22 
0 5 18 21 22 
3 8 18 21 22 
5 10 18 21 22 
7 10 18 21 22 
7 12 18 21 22 
12 18 20 21 22 
3 6 7 8 26 
5 6 7 12 26 
3 7 8 12 26 
6 7 8 12 26 
5 6 10 17 26 
5 6 12 17 26 
5 7 12 17 26 
5 7 13 17 26 
3 6 7 20 26 
5 6 7 20 26 
3 6 8 20 26 
5 6 10 20 26 
3 7 12 20 26 
3 8 12 20 26 
5 7 13 20 26 
5 10 17 20 26 
0 5 18 20 26 
5 17 18 20 26 
0 18 20 21 26 
0 3 5 17 27 
0 3 6 17 27 
0 5 6 17 27 
3 5 7 17 27 
3 6 8 17 27 
5 6 10 17 27 
3 7 12 17 27 
3 8 12 17 27 
6 8 12 17 27 
5 7 13 17 27 
0 3 6 18 27 
0 5 6 18 27 
3 6 8 18 27 
5 6 10 18 27 
5 10 17 18 27 
6 8 18 20 27 
6 10 18 20 27 
10 17 18 20 27 
0 3 5 21 27 
0 3 18 21 27 
3 8 18 21 27 
0 5 20 21 27 
7 12 20 21 27 
5 13 20 21 27 
7 13 20 21 27 
3 5 7 22 27 
3 7 12 22 27 
3 8 12 22 27 
5 7 13 22 27 
8 12 20 22 27 
8 18 20 22 27 
3 5 21 22 27 
3 8 21 22 27 
7 12 21 22 27 
5 13 21 22 27 
7 13 21 22 27 
8 18 21 22 27 
12 20 21 22 27 
6 8 12 26 27 
6 10 17 26 27 
6 12 17 26 27 
7 12 17 26 27 
5 13 17 26 27 
7 13 17 26 27 
0 5 18 26 27 
5 17 18 26 27 
0 5 20 26 27 
6 8 20 26 27 
6 10 20 26 27 
7 12 20 26 27 
8 12 20 26 27 
5 13 20 26 27 
7 13 20 26 27 
10 17 20 26 27 
0 18 21 26 27 
0 20 21 26 27 
