5 160
0 4 7 9 15 
0 4 7 11 15 
0 2 4 5 16 
0 2 5 6 16 
0 4 5 12 16 
0 3 5 12 20 
4 5 12 15 22 
0 2 6 16 22 
0 5 6 16 22 
5 6 7 16 22 
5 7 9 16 22 
7 9 15 16 22 
0 5 6 7 23 
0 3 5 9 23 
0 5 7 9 23 
3 5 8 9 23 
0 6 7 11 23 
1 6 7 11 23 
3 5 8 15 23 
0 3 9 15 23 
0 7 9 15 23 
3 8 9 15 23 
0 7 11 15 23 
0 3 12 15 23 
3 5 12 15 23 
0 3 5 20 23 
0 3 12 20 23 
3 5 12 20 23 
0 5 6 22 23 
1 6 7 22 23 
5 6 7 22 23 
5 7 9 22 23 
5 8 9 22 23 
0 6 11 22 23 
1 6 11 22 23 
1 7 11 22 23 
4 5 12 22 23 
0 2 15 22 23 
5 8 15 22 23 
7 9 15 22 23 
8 9 15 22 23 
0 11 15 22 23 
7 11 15 22 23 
5 12 15 22 23 
0 2 20 22 23 
0 5 20 22 23 
4 5 20 22 23 
0 4 6 11 24 
5 7 9 15 24 
5 8 9 15 24 
0 2 4 16 24 
2 4 5 16 24 
2 5 6 16 24 
5 6 7 16 24 
5 7 9 16 24 
0 4 12 16 24 
0 5 12 16 24 
4 5 12 16 24 
7 9 15 16 24 
0 5 12 20 24 
1 6 7 22 24 
5 8 9 22 24 
1 6 11 22 24 
1 7 11 22 24 
8 9 15 22 24 
0 2 16 22 24 
0 5 16 22 24 
2 6 16 22 24 
6 7 16 22 24 
5 9 16 22 24 
9 15 16 22 24 
0 2 20 22 24 
0 5 20 22 24 
4 5 20 22 24 
4 5 12 23 24 
0 2 15 23 24 
0 12 15 23 24 
0 2 20 23 24 
4 5 20 23 24 
0 12 20 23 24 
5 12 20 23 24 
4 12 22 23 24 
4 20 22 23 24 
0 2 4 6 26 
2 4 5 6 26 
1 4 6 7 26 
4 5 6 7 26 
4 5 7 9 26 
1 4 6 11 26 
1 4 7 11 26 
4 5 9 15 26 
4 7 9 15 26 
5 7 9 15 26 
4 7 11 15 26 
4 5 15 22 26 
5 8 15 22 26 
4 12 15 22 26 
12 15 22 23 26 
0 2 4 24 26 
2 4 5 24 26 
0 2 6 24 26 
0 4 6 24 26 
2 5 6 24 26 
1 6 7 24 26 
5 6 7 24 26 
1 6 11 24 26 
4 6 11 24 26 
1 7 11 24 26 
5 7 15 24 26 
5 8 15 24 26 
4 11 15 24 26 
7 11 15 24 26 
4 12 15 24 26 
4 5 22 24 26 
5 8 22 24 26 
4 12 22 24 26 
8 15 22 24 26 
12 15 23 24 26 
12 22 23 24 26 
3 5 8 12 27 
0 3 9 12 27 
0 4 9 12 27 
4 5 9 12 27 
3 8 9 12 27 
5 8 9 12 27 
3 5 8 15 27 
0 3 9 15 27 
0 4 9 15 27 
4 5 9 15 27 
3 8 9 15 27 
5 8 9 15 27 
0 4 11 15 27 
0 3 12 15 27 
3 5 12 15 27 
4 5 12 15 27 
0 2 6 22 27 
0 6 11 22 27 
0 2 15 22 27 
0 11 15 22 27 
7 11 15 22 27 
7 15 16 22 27 
2 15 22 23 27 
2 20 22 23 27 
0 2 6 24 27 
0 4 11 24 27 
0 6 11 24 27 
0 4 12 24 27 
0 2 15 24 27 
4 11 15 24 27 
7 11 15 24 27 
0 12 15 24 27 
4 12 15 24 27 
7 15 16 24 27 
2 6 22 24 27 
6 11 22 24 27 
7 11 22 24 27 
7 16 22 24 27 
2 20 22 24 27 
2 15 23 24 27 
2 20 23 24 27 
