5 172
0 2 3 5 14 
2 3 8 10 14 
3 7 8 10 14 
0 2 3 11 14 
0 3 5 11 14 
2 3 8 11 14 
3 5 8 11 14 
1 2 5 8 16 
0 2 5 11 17 
2 5 6 11 17 
2 6 8 11 17 
5 6 8 11 17 
2 6 8 15 17 
3 5 7 8 19 
3 5 8 14 19 
1 2 5 10 21 
1 2 8 10 21 
1 5 8 10 21 
1 2 8 16 21 
2 8 10 16 21 
1 2 16 20 21 
1 8 16 20 21 
3 8 16 20 21 
2 11 16 20 21 
2 8 11 15 23 
0 2 5 17 23 
1 2 5 17 23 
1 5 8 17 23 
0 2 11 17 23 
0 5 11 17 23 
2 8 11 17 23 
5 8 11 17 23 
1 2 15 17 23 
2 8 15 17 23 
8 10 15 17 23 
3 7 8 19 23 
5 7 8 19 23 
1 5 8 21 23 
3 7 8 21 23 
5 7 8 21 23 
2 3 5 10 25 
3 5 7 10 25 
5 7 8 10 25 
2 3 5 14 25 
3 7 8 14 25 
2 3 10 14 25 
3 7 10 14 25 
2 8 10 14 25 
7 8 10 14 25 
3 5 7 19 25 
1 5 14 19 25 
3 5 14 19 25 
3 8 14 19 25 
6 8 14 19 25 
6 8 15 19 25 
8 10 15 19 25 
1 2 5 21 25 
3 7 8 21 25 
5 7 8 21 25 
2 5 10 21 25 
5 8 10 21 25 
3 8 16 21 25 
2 10 16 21 25 
8 10 16 21 25 
2 11 16 21 25 
3 8 16 23 25 
8 10 16 23 25 
10 15 17 23 25 
1 5 19 23 25 
3 7 19 23 25 
5 7 19 23 25 
3 8 19 23 25 
8 10 19 23 25 
1 14 19 23 25 
10 15 19 23 25 
1 2 21 23 25 
1 5 21 23 25 
3 7 21 23 25 
5 7 21 23 25 
2 11 21 23 25 
3 16 21 23 25 
0 2 5 14 26 
0 2 11 14 26 
0 5 11 14 26 
2 8 11 14 26 
5 8 11 14 26 
2 6 8 15 26 
2 8 11 15 26 
1 5 14 19 26 
5 8 14 19 26 
6 8 14 19 26 
6 8 15 19 26 
8 10 15 19 26 
11 16 20 21 26 
0 2 5 23 26 
1 2 5 23 26 
0 2 11 23 26 
0 5 11 23 26 
5 8 11 23 26 
8 10 15 23 26 
8 11 15 23 26 
1 5 19 23 26 
5 8 19 23 26 
8 10 19 23 26 
1 14 19 23 26 
10 15 19 23 26 
1 2 5 25 26 
2 6 8 25 26 
1 5 14 25 26 
2 5 14 25 26 
2 8 14 25 26 
6 8 14 25 26 
2 6 15 25 26 
2 11 15 25 26 
6 14 19 25 26 
6 15 19 25 26 
11 16 21 25 26 
1 2 23 25 26 
2 11 23 25 26 
1 14 23 25 26 
11 21 23 25 26 
2 5 6 8 27 
1 2 5 16 27 
1 5 8 16 27 
2 5 8 16 27 
2 8 10 16 27 
1 2 5 17 27 
2 5 6 17 27 
1 5 8 17 27 
5 6 8 17 27 
1 2 15 17 27 
2 6 15 17 27 
6 8 15 17 27 
8 10 15 17 27 
1 2 16 20 27 
1 8 16 20 27 
3 8 16 20 27 
2 11 16 20 27 
1 2 20 21 27 
1 8 20 21 27 
3 8 20 21 27 
2 11 20 21 27 
3 16 20 21 27 
1 2 15 23 27 
2 11 15 23 27 
3 8 16 23 27 
8 10 16 23 27 
1 8 17 23 27 
8 10 17 23 27 
1 15 17 23 27 
1 2 21 23 27 
1 8 21 23 27 
3 8 21 23 27 
2 11 21 23 27 
3 16 21 23 27 
2 6 8 25 27 
2 8 10 25 27 
2 6 15 25 27 
6 8 15 25 27 
8 10 15 25 27 
2 11 15 25 27 
2 10 16 25 27 
2 11 16 25 27 
10 15 17 25 27 
10 16 23 25 27 
10 17 23 25 27 
11 16 20 26 27 
11 20 21 26 27 
11 15 23 26 27 
11 21 23 26 27 
11 15 25 26 27 
11 16 25 26 27 
