5 157
0 1 5 8 18 
0 1 6 8 18 
0 3 6 8 18 
5 7 13 14 18 
0 1 5 6 19 
0 3 5 6 19 
0 3 5 8 19 
3 5 6 8 19 
1 5 7 14 19 
6 8 11 14 19 
2 6 14 17 19 
6 11 14 17 19 
0 1 5 18 19 
1 5 7 18 19 
0 3 8 18 19 
0 5 8 18 19 
5 7 14 18 19 
5 13 14 18 20 
0 1 17 19 20 
1 6 17 19 20 
6 11 17 19 20 
5 13 18 19 20 
5 14 18 19 20 
1 6 8 11 22 
0 1 6 18 22 
0 3 6 18 22 
1 5 7 18 22 
1 5 8 18 22 
1 6 8 18 22 
3 6 8 18 22 
5 7 13 18 22 
7 13 14 18 22 
0 1 14 19 22 
1 7 14 19 22 
0 1 18 19 22 
0 3 18 19 22 
1 7 18 19 22 
3 8 18 19 22 
5 8 18 19 22 
5 13 18 19 22 
7 14 18 19 22 
5 13 14 20 22 
13 14 18 20 22 
3 8 19 20 22 
5 8 19 20 22 
5 13 19 20 22 
13 18 19 20 22 
1 2 5 7 23 
1 2 5 8 23 
2 5 6 8 23 
1 2 6 11 23 
1 2 8 11 23 
2 6 8 11 23 
2 5 6 13 23 
1 2 7 13 23 
2 5 7 13 23 
0 1 6 14 23 
1 2 6 14 23 
5 6 8 14 23 
6 8 11 14 23 
1 2 13 14 23 
2 6 13 14 23 
5 6 13 14 23 
1 7 13 14 23 
0 3 19 20 23 
0 17 19 20 23 
0 1 6 22 23 
0 3 6 22 23 
1 5 7 22 23 
1 5 8 22 23 
1 6 11 22 23 
1 8 11 22 23 
5 7 13 22 23 
0 1 14 22 23 
3 6 14 22 23 
1 7 14 22 23 
5 8 14 22 23 
6 11 14 22 23 
8 11 14 22 23 
5 13 14 22 23 
7 13 14 22 23 
0 3 19 22 23 
0 14 19 22 23 
3 19 20 22 23 
1 5 6 13 26 
1 5 7 13 26 
1 5 7 14 26 
5 6 8 14 26 
1 2 13 14 26 
2 6 13 14 26 
5 6 13 14 26 
1 7 13 14 26 
5 7 13 14 26 
1 2 13 17 26 
1 6 13 17 26 
2 6 13 17 26 
0 1 14 17 26 
1 2 14 17 26 
1 5 6 19 26 
5 6 8 19 26 
0 1 14 19 26 
1 5 14 19 26 
2 6 14 19 26 
5 8 14 19 26 
6 8 14 19 26 
0 1 17 19 26 
1 6 17 19 26 
2 6 17 19 26 
2 14 17 19 26 
0 14 17 23 26 
0 14 19 23 26 
0 17 19 23 26 
1 2 6 13 27 
0 1 6 14 27 
1 2 6 14 27 
1 2 13 17 27 
1 6 13 17 27 
2 6 13 17 27 
0 1 14 17 27 
1 2 14 17 27 
2 6 14 17 27 
6 11 14 17 27 
0 1 6 19 27 
0 3 6 19 27 
3 6 8 19 27 
6 8 11 19 27 
5 8 14 19 27 
8 11 14 19 27 
11 14 17 19 27 
0 1 17 20 27 
1 6 17 20 27 
6 11 17 20 27 
0 1 19 20 27 
0 3 19 20 27 
1 6 19 20 27 
3 8 19 20 27 
5 8 19 20 27 
6 11 19 20 27 
5 14 19 20 27 
11 17 19 20 27 
3 6 8 22 27 
6 8 11 22 27 
3 6 14 22 27 
5 8 14 22 27 
6 11 14 22 27 
8 11 14 22 27 
3 8 20 22 27 
5 8 20 22 27 
5 14 20 22 27 
0 3 6 23 27 
0 6 14 23 27 
3 6 14 23 27 
0 14 17 23 27 
0 3 20 23 27 
0 17 20 23 27 
3 14 22 23 27 
3 20 22 23 27 
