5 172
0 1 2 6 14 
1 2 4 6 14 
0 1 2 7 14 
1 2 4 7 14 
0 2 6 8 14 
0 2 7 8 14 
0 6 7 8 14 
1 4 6 7 15 
1 4 6 14 15 
2 4 6 14 15 
1 4 7 14 15 
2 4 7 14 15 
2 6 8 14 15 
1 7 13 14 15 
2 4 6 7 16 
0 1 6 13 17 
0 1 6 14 17 
0 1 7 14 17 
1 7 13 14 17 
1 6 14 15 17 
5 6 14 15 17 
1 13 14 15 17 
0 5 6 7 18 
5 6 7 11 18 
2 7 15 18 19 
6 7 15 18 19 
6 8 15 18 19 
0 1 7 13 22 
0 5 7 13 22 
5 7 11 13 22 
6 7 11 13 22 
5 6 11 17 22 
6 7 11 17 22 
0 1 13 17 22 
0 6 13 17 22 
1 7 13 17 22 
6 7 13 17 22 
0 1 7 18 22 
0 5 7 18 22 
5 7 11 18 22 
8 15 18 19 22 
2 4 6 15 24 
2 4 7 15 24 
4 6 7 15 24 
2 6 8 15 24 
2 4 6 16 24 
0 1 7 16 24 
2 4 7 16 24 
0 6 7 16 24 
4 6 7 16 24 
2 6 8 16 24 
0 1 7 18 24 
0 6 7 18 24 
2 7 15 18 24 
6 7 15 18 24 
6 8 15 18 24 
0 1 16 22 24 
8 15 18 22 24 
2 6 7 8 25 
0 6 7 14 25 
2 7 8 14 25 
6 7 8 14 25 
5 6 14 15 25 
2 7 14 15 25 
2 8 14 15 25 
6 8 14 15 25 
7 13 14 15 25 
0 1 7 16 25 
0 6 7 16 25 
2 6 7 16 25 
2 6 8 16 25 
0 1 7 17 25 
0 6 14 17 25 
5 6 14 17 25 
0 7 14 17 25 
7 13 14 17 25 
2 7 15 17 25 
7 13 15 17 25 
13 14 15 17 25 
2 15 17 18 25 
6 8 15 22 25 
0 1 16 22 25 
0 1 17 22 25 
0 6 17 22 25 
5 6 17 22 25 
1 7 17 22 25 
2 7 17 22 25 
2 17 18 22 25 
2 8 15 24 25 
0 6 16 24 25 
1 7 16 24 25 
2 7 16 24 25 
2 8 16 24 25 
6 8 16 24 25 
2 7 18 24 25 
2 15 18 24 25 
0 6 22 24 25 
6 8 22 24 25 
8 15 22 24 25 
0 16 22 24 25 
0 5 6 13 26 
5 6 11 13 26 
0 5 6 18 26 
5 6 11 22 26 
0 5 13 22 26 
0 6 13 22 26 
5 11 13 22 26 
6 11 13 22 26 
0 1 18 22 26 
0 5 18 22 26 
5 6 18 22 26 
1 7 18 22 26 
2 7 18 22 26 
6 8 18 22 26 
0 1 18 24 26 
0 6 18 24 26 
1 7 18 24 26 
6 8 18 24 26 
0 1 22 24 26 
0 6 22 24 26 
6 8 22 24 26 
1 16 22 24 26 
8 18 22 24 26 
2 7 18 25 26 
1 7 22 25 26 
2 7 22 25 26 
1 16 22 25 26 
2 18 22 25 26 
1 7 24 25 26 
1 16 24 25 26 
7 18 24 25 26 
1 6 7 13 27 
1 6 7 15 27 
1 7 13 15 27 
5 6 11 17 27 
6 7 11 17 27 
1 6 13 17 27 
6 7 13 17 27 
1 6 15 17 27 
5 6 15 17 27 
2 7 15 17 27 
1 13 15 17 27 
7 13 15 17 27 
5 14 15 17 27 
5 6 11 18 27 
6 7 11 18 27 
2 15 17 18 27 
2 7 15 19 27 
6 7 15 19 27 
6 8 15 19 27 
2 7 18 19 27 
6 7 18 19 27 
6 8 18 19 27 
2 15 18 19 27 
6 8 15 22 27 
2 7 17 22 27 
5 11 17 22 27 
7 11 17 22 27 
5 6 18 22 27 
2 7 18 22 27 
6 8 18 22 27 
5 11 18 22 27 
7 11 18 22 27 
2 17 18 22 27 
8 15 19 22 27 
8 18 19 22 27 
5 6 15 25 27 
5 14 15 25 27 
5 14 17 25 27 
5 6 22 25 27 
6 15 22 25 27 
5 17 22 25 27 
