5 141
0 5 6 13 15 
2 5 8 13 15 
0 6 8 13 15 
5 6 8 13 15 
0 1 3 7 18 
1 3 7 8 18 
0 1 3 13 18 
0 1 8 13 18 
1 3 8 13 18 
2 3 8 13 18 
0 5 6 8 20 
0 1 8 15 20 
0 6 8 15 20 
0 1 8 19 20 
0 5 8 19 20 
5 6 8 19 20 
0 1 15 19 20 
0 3 15 19 20 
0 1 7 8 21 
0 1 8 19 21 
0 5 8 19 21 
5 6 8 19 21 
0 3 7 8 22 
0 1 7 18 22 
0 3 7 18 22 
2 3 8 18 22 
2 5 8 18 22 
5 6 8 18 22 
1 7 8 18 22 
3 7 8 18 22 
2 3 13 18 22 
2 5 13 18 22 
0 3 13 19 22 
0 5 13 19 22 
0 1 15 19 22 
0 3 15 19 22 
5 6 18 19 22 
5 6 19 21 22 
0 3 5 8 23 
2 3 5 8 23 
0 3 5 13 23 
2 3 5 13 23 
0 3 8 22 23 
2 3 8 22 23 
2 5 8 22 23 
5 6 8 22 23 
0 3 13 22 23 
2 3 13 22 23 
0 5 13 22 23 
2 5 13 22 23 
1 15 19 22 23 
0 5 6 15 24 
0 1 8 15 24 
2 5 8 15 24 
5 6 8 15 24 
0 5 13 15 24 
2 5 13 15 24 
0 8 13 15 24 
2 8 13 15 24 
0 1 8 18 24 
2 5 8 18 24 
5 6 8 18 24 
0 3 13 18 24 
2 5 13 18 24 
0 8 13 18 24 
2 8 13 18 24 
0 3 13 19 24 
0 5 13 19 24 
5 6 18 19 24 
0 5 6 20 24 
0 3 15 20 24 
0 6 15 20 24 
1 8 15 20 24 
6 8 15 20 24 
0 3 19 20 24 
0 5 19 20 24 
5 6 19 20 24 
1 8 19 20 24 
6 8 19 20 24 
3 15 19 20 24 
0 1 15 22 24 
0 3 15 22 24 
0 1 18 22 24 
0 3 18 22 24 
1 8 18 22 24 
6 8 18 22 24 
3 13 18 22 24 
5 13 18 22 24 
3 13 19 22 24 
5 13 19 22 24 
3 15 19 22 24 
5 18 19 22 24 
0 1 19 22 26 
0 5 19 22 26 
5 6 21 22 26 
5 19 21 22 26 
0 1 22 23 26 
0 5 22 23 26 
5 6 22 23 26 
1 19 22 23 26 
1 15 19 20 27 
0 1 7 21 27 
0 5 8 21 27 
5 6 8 21 27 
0 7 8 21 27 
1 7 8 21 27 
0 1 19 21 27 
0 5 19 21 27 
1 8 19 21 27 
6 8 19 21 27 
0 1 7 22 27 
0 7 8 22 27 
1 7 8 22 27 
6 18 19 22 27 
6 19 21 22 27 
0 5 8 23 27 
5 6 8 23 27 
1 15 19 23 27 
0 1 22 23 27 
0 8 22 23 27 
6 8 22 23 27 
1 15 22 23 27 
1 8 19 24 27 
6 8 19 24 27 
6 18 19 24 27 
1 15 20 24 27 
1 19 20 24 27 
1 8 22 24 27 
6 8 22 24 27 
1 15 22 24 27 
6 18 22 24 27 
0 1 19 26 27 
0 5 19 26 27 
5 6 21 26 27 
5 19 21 26 27 
6 21 22 26 27 
0 1 23 26 27 
0 5 23 26 27 
5 6 23 26 27 
1 19 23 26 27 
6 22 23 26 27 
