5 194
0 1 2 9 14 
0 1 7 9 14 
0 1 2 11 14 
0 1 8 11 14 
1 2 8 11 14 
0 7 9 12 14 
0 2 6 12 16 
0 2 3 8 18 
0 3 8 13 18 
1 2 8 16 18 
2 8 16 18 19 
8 10 16 18 19 
1 8 10 12 20 
0 2 6 14 20 
0 2 9 12 21 
0 2 6 14 21 
0 2 9 14 21 
1 2 9 14 21 
0 2 6 16 21 
1 2 9 16 21 
0 2 12 16 21 
0 9 12 16 21 
2 9 12 16 21 
2 11 16 19 21 
2 16 18 19 21 
0 3 14 20 21 
0 6 14 20 21 
2 6 18 20 21 
2 11 18 20 21 
1 2 8 12 22 
2 3 8 12 22 
1 2 9 12 22 
1 7 9 12 22 
0 3 12 13 22 
3 8 12 13 22 
1 2 8 16 22 
1 2 9 16 22 
1 7 9 16 22 
1 7 12 16 22 
1 8 12 16 22 
2 9 12 16 22 
7 9 12 16 22 
2 8 16 19 22 
8 10 16 19 22 
2 11 16 19 22 
2 8 18 19 22 
8 10 18 19 22 
10 16 18 19 22 
2 11 18 21 22 
2 11 19 21 22 
11 16 19 21 22 
2 18 19 21 22 
0 2 3 6 24 
0 3 6 12 24 
2 3 6 12 24 
0 8 12 13 24 
1 8 10 16 24 
0 6 12 16 24 
2 6 12 16 24 
1 8 12 16 24 
0 9 12 16 24 
1 10 12 16 24 
0 2 3 18 24 
2 3 8 18 24 
0 2 11 18 24 
9 12 16 18 24 
10 12 16 18 24 
0 2 6 20 24 
1 8 10 20 24 
0 2 11 20 24 
1 8 12 20 24 
1 10 12 20 24 
0 3 18 20 24 
3 8 18 20 24 
8 10 18 20 24 
0 11 18 20 24 
9 12 18 20 24 
10 12 18 20 24 
0 3 16 21 24 
0 6 16 21 24 
2 6 16 21 24 
2 11 16 21 24 
0 3 20 21 24 
0 6 20 21 24 
2 6 20 21 24 
2 11 20 21 24 
3 14 20 21 24 
11 18 20 21 24 
2 3 8 22 24 
0 3 12 22 24 
2 3 12 22 24 
0 3 13 22 24 
3 8 13 22 24 
0 12 13 22 24 
8 12 13 22 24 
8 10 16 22 24 
2 11 16 22 24 
2 12 16 22 24 
8 12 16 22 24 
2 8 18 22 24 
8 10 18 22 24 
2 11 18 22 24 
10 16 18 22 24 
11 16 21 22 24 
11 18 21 22 24 
0 1 8 10 26 
0 2 8 11 26 
0 1 7 12 26 
0 1 10 12 26 
0 8 10 12 26 
0 1 7 14 26 
0 1 8 14 26 
1 2 8 14 26 
1 7 9 14 26 
0 8 11 14 26 
2 8 11 14 26 
0 7 12 14 26 
0 9 12 14 26 
7 9 12 14 26 
1 7 9 16 26 
1 8 10 16 26 
1 7 12 16 26 
7 9 12 16 26 
1 10 12 16 26 
0 2 8 18 26 
1 2 8 18 26 
0 2 11 18 26 
0 3 13 18 26 
0 8 13 18 26 
3 8 13 18 26 
1 2 16 18 26 
1 8 16 18 26 
8 10 16 18 26 
9 12 16 18 26 
10 12 16 18 26 
8 10 12 20 26 
0 3 18 20 26 
2 6 18 20 26 
3 8 18 20 26 
8 10 18 20 26 
0 11 18 20 26 
2 11 18 20 26 
9 12 18 20 26 
10 12 18 20 26 
1 2 14 21 26 
0 3 14 21 26 
2 6 14 21 26 
0 9 14 21 26 
1 9 14 21 26 
1 2 16 21 26 
0 3 16 21 26 
0 9 16 21 26 
1 9 16 21 26 
2 6 18 21 26 
2 16 18 21 26 
6 14 20 21 26 
6 18 20 21 26 
0 8 12 24 26 
0 9 12 24 26 
0 3 13 24 26 
0 8 13 24 26 
3 8 13 24 26 
0 3 16 24 26 
0 9 16 24 26 
9 16 18 24 26 
9 18 20 24 26 
3 14 21 24 26 
3 16 21 24 26 
0 2 11 14 27 
0 2 11 20 27 
0 2 14 20 27 
0 3 14 20 27 
2 6 14 20 27 
3 8 20 24 27 
8 12 20 24 27 
9 12 20 24 27 
3 14 20 24 27 
0 3 14 26 27 
2 6 14 26 27 
0 11 14 26 27 
2 11 14 26 27 
0 3 20 26 27 
2 6 20 26 27 
3 8 20 26 27 
0 11 20 26 27 
2 11 20 26 27 
8 12 20 26 27 
9 12 20 26 27 
6 14 20 26 27 
3 8 24 26 27 
8 12 24 26 27 
9 12 24 26 27 
3 14 24 26 27 
9 20 24 26 27 
