5 189
6 7 8 10 14 
3 6 7 12 14 
3 6 8 12 14 
6 7 8 12 14 
3 8 9 12 14 
0 3 7 8 15 
0 3 8 10 15 
0 7 8 10 15 
1 6 8 11 16 
3 6 10 11 16 
3 8 10 11 16 
6 8 10 11 16 
1 3 6 8 17 
3 6 7 14 17 
3 6 8 14 17 
3 8 9 14 17 
3 9 12 14 17 
8 9 12 14 17 
0 3 7 10 20 
0 3 7 17 20 
3 6 7 17 20 
3 8 9 17 21 
3 9 12 17 21 
3 7 8 9 22 
3 7 9 12 22 
7 8 9 12 22 
6 7 10 14 22 
6 8 10 14 22 
7 8 10 14 22 
3 7 12 14 22 
7 8 12 14 22 
0 3 7 15 22 
3 7 8 15 22 
6 7 10 15 22 
7 8 10 15 22 
0 3 7 17 22 
1 6 8 17 22 
1 6 11 17 22 
1 8 11 17 22 
0 3 14 17 22 
3 7 14 17 22 
6 7 14 17 22 
6 8 14 17 22 
8 11 14 17 22 
6 11 17 20 22 
1 3 6 11 23 
1 3 8 11 23 
1 3 6 17 23 
1 3 8 17 23 
1 6 11 17 23 
3 6 11 17 23 
1 8 11 17 23 
3 6 7 10 24 
3 6 7 20 24 
0 3 10 15 25 
0 7 10 15 25 
3 8 10 15 25 
8 9 12 17 25 
0 3 14 17 25 
8 11 14 17 25 
3 12 14 17 25 
8 12 14 17 25 
0 3 10 20 25 
0 7 10 20 25 
0 3 17 20 25 
0 7 17 20 25 
6 7 17 20 25 
3 12 17 20 25 
3 8 9 21 25 
3 9 12 21 25 
8 9 17 21 25 
9 12 17 21 25 
12 17 20 21 25 
3 8 9 22 25 
3 9 12 22 25 
8 9 12 22 25 
0 3 14 22 25 
8 11 14 22 25 
3 12 14 22 25 
8 12 14 22 25 
0 3 15 22 25 
0 7 15 22 25 
6 7 15 22 25 
3 8 15 22 25 
8 11 15 22 25 
11 14 15 22 25 
0 7 17 22 25 
6 7 17 22 25 
0 14 17 22 25 
6 17 20 22 25 
6 7 10 15 26 
1 6 8 16 26 
3 6 10 16 26 
3 7 10 16 26 
6 8 10 16 26 
1 6 11 16 26 
3 6 11 16 26 
1 8 11 16 26 
3 8 11 16 26 
3 6 11 17 26 
3 6 17 20 26 
6 11 17 20 26 
3 12 17 20 26 
1 6 8 22 26 
6 8 10 22 26 
1 6 11 22 26 
1 8 11 22 26 
6 10 15 22 26 
8 10 15 22 26 
8 11 15 22 26 
11 14 15 22 26 
11 14 17 22 26 
11 17 20 22 26 
3 8 11 23 26 
3 8 16 23 26 
7 10 16 23 26 
8 10 16 23 26 
3 12 16 23 26 
8 10 17 23 26 
3 11 17 23 26 
8 11 17 23 26 
3 12 17 23 26 
3 6 10 24 26 
3 7 10 24 26 
6 7 10 24 26 
3 6 20 24 26 
6 11 20 24 26 
3 12 20 24 26 
11 20 22 24 26 
6 7 15 25 26 
7 10 15 25 26 
8 10 15 25 26 
8 11 15 25 26 
11 14 15 25 26 
8 10 17 25 26 
8 11 17 25 26 
11 14 17 25 26 
6 15 22 25 26 
7 10 23 25 26 
7 16 23 25 26 
10 17 23 25 26 
3 7 10 16 27 
3 8 10 16 27 
3 7 10 20 27 
3 8 17 21 27 
3 12 17 21 27 
12 17 20 21 27 
6 11 20 22 27 
3 8 16 23 27 
7 10 16 23 27 
8 10 16 23 27 
3 12 16 23 27 
3 8 17 23 27 
8 10 17 23 27 
3 12 17 23 27 
3 7 20 24 27 
6 7 20 24 27 
6 11 20 24 27 
3 12 20 24 27 
11 20 22 24 27 
3 8 10 25 27 
8 10 17 25 27 
6 7 20 25 27 
3 10 20 25 27 
7 10 20 25 27 
3 12 20 25 27 
3 8 21 25 27 
3 12 21 25 27 
8 17 21 25 27 
12 20 21 25 27 
6 20 22 25 27 
7 10 23 25 27 
7 16 23 25 27 
10 17 23 25 27 
3 7 16 26 27 
3 12 16 26 27 
12 17 20 26 27 
6 11 22 26 27 
12 16 23 26 27 
12 17 23 26 27 
3 7 24 26 27 
6 7 24 26 27 
6 11 24 26 27 
3 12 24 26 27 
12 20 24 26 27 
11 22 24 26 27 
6 7 25 26 27 
7 16 25 26 27 
6 22 25 26 27 
