5 189
0 1 4 5 14 
1 4 5 10 14 
1 5 7 10 14 
3 4 7 14 15 
1 2 6 7 16 
1 2 7 8 16 
1 4 7 8 16 
2 4 7 8 16 
2 4 7 10 16 
4 5 7 10 16 
1 6 7 10 16 
2 6 7 10 16 
0 3 4 14 16 
0 4 5 14 16 
0 5 7 14 16 
4 5 10 14 16 
1 7 10 14 16 
5 7 10 14 16 
0 1 3 4 17 
0 1 3 7 17 
1 3 4 7 17 
0 1 5 7 17 
0 1 4 14 17 
0 3 4 14 17 
0 1 5 14 17 
0 3 7 14 17 
3 4 7 14 17 
0 5 7 14 17 
1 5 7 14 17 
1 2 10 14 17 
1 4 10 14 17 
2 6 10 14 17 
1 2 4 10 19 
1 7 14 15 19 
0 3 4 7 20 
0 4 5 7 20 
1 4 7 15 20 
3 4 7 15 20 
2 6 14 17 20 
1 2 8 19 20 
2 8 14 19 20 
1 2 15 19 20 
2 6 15 19 20 
2 6 17 19 20 
2 14 17 19 20 
1 2 4 8 21 
1 4 7 15 21 
1 2 4 19 21 
1 4 7 19 21 
1 2 8 20 21 
1 4 8 20 21 
2 4 8 20 21 
2 4 10 20 21 
2 6 10 20 21 
1 2 15 20 21 
1 4 15 20 21 
2 6 15 20 21 
4 10 15 20 21 
6 15 19 20 21 
0 3 7 14 22 
1 7 14 15 22 
3 7 14 15 22 
0 3 4 16 22 
0 4 5 16 22 
1 4 7 16 22 
0 5 7 16 22 
4 5 7 16 22 
0 3 14 16 22 
3 14 15 16 22 
1 14 15 19 22 
0 3 4 20 22 
0 4 5 20 22 
0 3 7 20 22 
1 4 7 20 22 
0 5 7 20 22 
4 5 7 20 22 
3 4 15 20 22 
1 7 15 20 22 
3 7 15 20 22 
4 10 15 20 22 
1 15 19 20 22 
1 2 8 14 23 
4 7 14 15 23 
4 10 14 15 23 
1 4 7 17 23 
1 2 10 17 23 
1 4 10 17 23 
2 6 10 17 23 
1 2 14 17 23 
1 7 14 17 23 
4 7 14 17 23 
4 10 14 17 23 
6 10 14 17 23 
1 4 7 19 23 
1 2 8 19 23 
1 2 10 19 23 
1 4 10 19 23 
2 4 10 19 23 
1 7 14 19 23 
1 8 14 19 23 
2 8 14 19 23 
7 14 15 19 23 
2 6 17 19 23 
2 14 17 19 23 
6 10 14 20 23 
10 14 15 20 23 
6 14 17 20 23 
6 17 19 20 23 
2 4 10 21 23 
2 6 10 21 23 
4 7 15 21 23 
4 10 15 21 23 
2 4 19 21 23 
2 6 19 21 23 
4 7 19 21 23 
6 10 20 21 23 
10 15 20 21 23 
6 19 20 21 23 
1 2 6 10 24 
1 2 8 14 24 
1 2 10 14 24 
1 6 10 14 24 
2 6 10 14 24 
1 8 14 19 24 
1 7 14 22 24 
1 14 19 22 24 
1 6 10 14 26 
3 4 14 15 26 
4 10 14 15 26 
1 2 6 16 26 
1 2 8 16 26 
1 4 8 16 26 
2 4 8 16 26 
2 4 10 16 26 
1 6 10 16 26 
2 6 10 16 26 
3 4 14 16 26 
0 7 14 16 26 
1 7 14 16 26 
1 10 14 16 26 
4 10 14 16 26 
3 14 15 16 26 
1 4 8 20 26 
2 4 8 20 26 
2 4 10 20 26 
2 6 10 20 26 
2 6 14 20 26 
2 8 14 20 26 
6 10 14 20 26 
10 14 15 20 26 
1 8 19 20 26 
8 14 19 20 26 
0 7 14 22 26 
3 4 15 22 26 
4 10 15 22 26 
1 4 16 22 26 
3 4 16 22 26 
0 7 16 22 26 
1 7 16 22 26 
0 14 16 22 26 
3 15 16 22 26 
1 4 20 22 26 
4 10 20 22 26 
10 15 20 22 26 
1 19 20 22 26 
1 2 6 24 26 
1 2 8 24 26 
1 6 14 24 26 
2 6 14 24 26 
1 7 14 24 26 
2 8 14 24 26 
1 8 19 24 26 
8 14 19 24 26 
1 7 22 24 26 
7 14 22 24 26 
1 19 22 24 26 
1 2 15 19 27 
2 6 15 19 27 
1 7 15 19 27 
1 2 15 21 27 
2 6 15 21 27 
1 7 15 21 27 
1 2 19 21 27 
2 6 19 21 27 
1 7 19 21 27 
6 15 19 21 27 
7 15 19 23 27 
7 15 21 23 27 
7 19 21 23 27 
