5 166
2 3 4 10 15 
1 5 9 10 16 
1 2 5 14 16 
1 5 9 14 16 
2 5 10 14 16 
1 9 10 14 16 
5 9 10 14 16 
0 2 10 14 18 
1 9 14 15 18 
2 10 14 16 18 
3 10 14 16 18 
1 2 3 4 20 
1 2 5 9 20 
1 2 3 10 20 
1 3 4 10 20 
1 2 9 11 20 
1 2 10 11 20 
1 9 10 11 20 
1 2 4 15 20 
2 3 4 15 20 
2 3 10 15 20 
2 10 11 15 20 
1 4 13 15 20 
1 4 10 18 20 
3 4 10 18 20 
1 9 10 18 20 
1 4 13 18 20 
3 4 15 18 20 
0 10 15 18 20 
3 10 15 18 20 
4 13 15 18 20 
0 2 4 5 21 
0 2 4 10 21 
2 4 10 15 21 
2 10 11 15 21 
1 9 14 15 21 
1 4 5 13 22 
1 9 10 14 22 
0 4 10 15 22 
3 4 10 15 22 
1 2 5 16 22 
1 5 10 16 22 
2 5 10 16 22 
1 2 14 16 22 
1 10 14 16 22 
3 10 14 16 22 
0 2 10 18 22 
1 4 13 18 22 
0 2 14 18 22 
3 4 15 18 22 
1 9 15 18 22 
0 10 15 18 22 
3 10 15 18 22 
1 13 15 18 22 
4 13 15 18 22 
2 10 16 18 22 
3 10 16 18 22 
2 14 16 18 22 
0 15 18 20 22 
0 2 5 10 24 
0 4 5 10 24 
1 4 5 10 24 
1 4 10 18 24 
3 4 10 18 24 
1 9 10 18 24 
3 10 14 18 24 
9 10 14 18 24 
9 14 15 18 24 
3 14 16 18 24 
0 2 5 22 24 
0 4 5 22 24 
1 4 5 22 24 
0 2 10 22 24 
0 4 10 22 24 
3 4 10 22 24 
1 5 10 22 24 
2 5 10 22 24 
1 9 10 22 24 
3 10 14 22 24 
9 10 14 22 24 
9 14 15 22 24 
3 14 16 22 24 
1 4 18 22 24 
3 4 18 22 24 
1 9 18 22 24 
9 15 18 22 24 
3 16 18 22 24 
2 5 9 10 26 
2 9 10 11 26 
1 2 5 14 26 
1 5 9 14 26 
2 5 10 14 26 
5 9 10 14 26 
2 10 11 14 26 
1 9 14 18 26 
0 10 14 18 26 
9 10 14 18 26 
1 13 15 18 26 
1 14 15 18 26 
1 2 5 20 26 
1 5 9 20 26 
2 5 9 20 26 
2 9 11 20 26 
9 10 11 20 26 
1 2 15 20 26 
0 10 15 20 26 
2 11 15 20 26 
10 11 15 20 26 
1 13 15 20 26 
1 9 18 20 26 
0 10 18 20 26 
9 10 18 20 26 
1 13 18 20 26 
13 15 18 20 26 
1 2 15 21 26 
2 11 15 21 26 
1 14 15 21 26 
0 14 18 22 26 
0 15 20 22 26 
0 18 20 22 26 
1 2 4 13 27 
1 2 5 13 27 
2 4 5 13 27 
0 2 10 14 27 
2 10 11 14 27 
1 2 4 15 27 
0 4 10 15 27 
1 4 13 15 27 
0 2 5 21 27 
0 4 5 21 27 
2 4 5 21 27 
0 2 10 21 27 
0 4 10 21 27 
2 10 11 21 27 
1 9 14 21 27 
1 2 15 21 27 
2 4 15 21 27 
1 9 15 21 27 
4 10 15 21 27 
10 11 15 21 27 
9 14 15 21 27 
0 2 5 22 27 
1 2 5 22 27 
0 4 5 22 27 
1 5 13 22 27 
4 5 13 22 27 
0 2 14 22 27 
1 2 14 22 27 
1 9 14 22 27 
0 4 15 22 27 
1 9 15 22 27 
1 13 15 22 27 
4 13 15 22 27 
9 14 15 22 27 
1 2 14 26 27 
0 10 14 26 27 
2 11 14 26 27 
10 11 14 26 27 
0 10 15 26 27 
10 11 15 26 27 
1 2 21 26 27 
2 11 21 26 27 
1 14 21 26 27 
11 15 21 26 27 
0 14 22 26 27 
0 15 22 26 27 
