5 164
1 2 3 5 15 
0 4 6 14 15 
0 2 10 14 15 
0 4 10 14 15 
4 6 12 14 15 
4 10 12 14 15 
1 2 3 15 16 
1 3 5 15 16 
2 3 8 15 16 
6 12 14 15 16 
0 2 3 6 17 
0 2 6 10 17 
0 4 6 10 17 
1 5 14 16 17 
4 6 10 12 18 
0 4 6 14 18 
0 2 10 14 18 
0 4 10 14 18 
2 6 10 14 18 
4 6 12 14 18 
4 10 12 14 18 
6 10 12 14 18 
0 2 3 15 18 
2 3 8 15 18 
0 6 14 15 18 
0 2 15 16 18 
2 8 15 16 18 
0 2 3 17 18 
1 3 5 17 18 
2 3 6 17 18 
0 4 6 17 18 
3 5 6 17 18 
0 2 10 17 18 
0 4 10 17 18 
2 6 10 17 18 
4 6 10 17 18 
1 5 14 17 18 
1 14 16 17 18 
1 2 5 6 21 
1 2 3 8 21 
1 2 6 8 21 
1 3 6 8 21 
1 3 5 11 21 
1 3 6 11 21 
1 5 6 11 21 
2 6 10 14 21 
6 10 12 14 21 
1 2 5 15 21 
2 5 6 15 21 
2 6 10 15 21 
5 6 11 15 21 
6 10 12 15 21 
0 2 14 15 21 
2 10 14 15 21 
10 12 14 15 21 
1 2 3 16 21 
2 3 8 16 21 
0 2 15 16 21 
1 2 15 16 21 
1 5 15 16 21 
5 11 15 16 21 
6 11 15 16 21 
6 12 15 16 21 
12 14 15 16 21 
0 14 15 18 21 
0 15 16 18 21 
0 2 3 5 22 
0 3 5 6 22 
0 2 5 12 22 
0 4 6 12 22 
0 5 6 12 22 
2 5 6 12 22 
0 2 10 12 22 
0 4 10 12 22 
2 6 10 12 22 
0 2 3 15 22 
2 3 5 15 22 
0 4 6 15 22 
2 5 6 15 22 
0 2 10 15 22 
0 4 10 15 22 
2 6 10 15 22 
4 6 12 15 22 
4 10 12 15 22 
6 10 12 15 22 
3 5 15 16 22 
3 8 15 16 22 
5 11 15 16 22 
8 15 16 18 22 
5 6 11 15 25 
1 3 5 16 25 
5 6 11 16 25 
5 6 14 16 25 
6 11 15 16 25 
6 14 15 16 25 
1 3 5 17 25 
0 3 6 17 25 
3 5 6 17 25 
1 5 16 17 25 
5 14 16 17 25 
5 6 14 18 25 
0 3 15 18 25 
0 6 15 18 25 
3 8 15 18 25 
6 14 15 18 25 
1 3 16 18 25 
3 8 16 18 25 
0 3 17 18 25 
1 3 17 18 25 
0 6 17 18 25 
5 6 17 18 25 
5 14 17 18 25 
1 16 17 18 25 
0 3 6 22 25 
3 5 6 22 25 
0 3 15 22 25 
0 6 15 22 25 
5 6 15 22 25 
3 8 15 22 25 
5 11 15 22 25 
3 5 16 22 25 
3 8 16 22 25 
5 11 16 22 25 
11 15 16 22 25 
8 15 18 22 25 
8 16 18 22 25 
2 3 6 8 27 
3 5 6 11 27 
5 6 11 16 27 
1 5 14 16 27 
5 6 14 16 27 
6 12 14 16 27 
1 3 5 18 27 
2 3 6 18 27 
3 5 6 18 27 
2 3 8 18 27 
0 2 14 18 27 
1 5 14 18 27 
2 6 14 18 27 
5 6 14 18 27 
0 2 16 18 27 
1 3 16 18 27 
2 8 16 18 27 
3 8 16 18 27 
1 14 16 18 27 
1 3 5 21 27 
2 6 8 21 27 
3 6 8 21 27 
3 5 11 21 27 
3 6 11 21 27 
0 2 14 21 27 
2 6 14 21 27 
6 12 14 21 27 
0 2 16 21 27 
1 3 16 21 27 
1 5 16 21 27 
2 8 16 21 27 
3 8 16 21 27 
5 11 16 21 27 
6 11 16 21 27 
6 12 16 21 27 
12 14 16 21 27 
0 14 18 21 27 
0 16 18 21 27 
