5 190
1 3 10 12 14 
0 2 4 8 16 
2 4 6 8 16 
0 2 4 9 16 
2 4 6 10 16 
2 4 10 12 16 
0 2 3 6 17 
1 2 3 6 17 
0 3 4 6 17 
0 2 6 8 17 
0 2 3 9 17 
0 3 4 9 17 
1 2 6 10 17 
1 3 6 17 18 
3 4 6 17 18 
0 4 9 17 18 
3 4 9 17 18 
1 3 10 17 18 
1 6 10 17 18 
4 6 10 17 18 
3 12 16 17 18 
1 2 3 12 19 
1 3 12 14 19 
3 7 12 14 19 
3 7 12 17 19 
3 7 14 17 19 
3 10 14 18 19 
4 10 14 18 19 
3 10 17 18 19 
3 14 17 18 19 
0 4 6 8 20 
1 2 10 12 20 
1 3 10 14 20 
1 10 12 14 20 
4 10 12 14 20 
0 4 8 16 20 
2 6 8 16 20 
4 6 8 16 20 
2 6 10 16 20 
4 6 10 16 20 
2 3 12 16 20 
2 10 12 16 20 
4 10 12 16 20 
1 2 3 17 20 
0 4 6 17 20 
0 2 8 17 20 
0 6 8 17 20 
2 6 8 17 20 
0 2 9 17 20 
2 3 9 17 20 
1 2 10 17 20 
1 3 10 17 20 
2 6 10 17 20 
4 6 10 17 20 
7 12 16 17 20 
0 4 14 18 20 
3 12 16 18 20 
0 4 17 18 20 
0 9 17 18 20 
3 9 17 18 20 
4 10 17 18 20 
3 12 17 18 20 
12 16 17 18 20 
1 2 3 19 20 
1 2 12 19 20 
2 3 12 19 20 
1 3 14 19 20 
3 10 14 19 20 
4 10 14 19 20 
1 12 14 19 20 
7 12 14 19 20 
3 10 17 19 20 
3 12 17 19 20 
7 12 17 19 20 
7 14 17 19 20 
4 10 18 19 20 
4 14 18 19 20 
10 17 18 19 20 
2 3 7 9 21 
2 3 7 12 21 
2 7 9 12 21 
0 2 8 20 21 
0 2 9 20 21 
2 3 9 20 21 
2 3 18 20 21 
2 8 18 20 21 
0 9 18 20 21 
3 9 18 20 21 
2 3 18 21 22 
2 8 18 21 22 
0 9 18 21 24 
3 9 18 21 24 
2 3 18 22 24 
3 9 21 22 24 
3 18 21 22 24 
1 3 6 10 26 
3 4 6 10 26 
3 4 9 12 26 
3 7 9 12 26 
3 4 10 12 26 
3 7 9 14 26 
3 7 12 14 26 
4 9 12 14 26 
7 9 12 14 26 
3 10 12 14 26 
4 10 12 14 26 
1 3 6 18 26 
3 4 6 18 26 
0 4 9 18 26 
3 4 9 18 26 
1 3 10 18 26 
1 6 10 18 26 
4 6 10 18 26 
2 3 14 18 26 
0 4 14 18 26 
3 10 14 18 26 
4 10 14 18 26 
0 14 18 20 26 
0 4 9 21 26 
0 18 20 21 26 
4 9 21 22 26 
2 3 18 24 26 
0 9 18 24 26 
3 9 18 24 26 
0 9 21 24 26 
0 18 21 24 26 
2 3 22 24 26 
3 9 22 24 26 
2 18 22 24 26 
9 21 22 24 26 
2 4 9 12 27 
3 7 9 14 27 
4 9 12 14 27 
7 9 12 14 27 
0 2 8 16 27 
0 2 9 16 27 
0 4 9 16 27 
2 4 9 16 27 
2 3 12 16 27 
2 4 12 16 27 
3 7 12 17 27 
3 7 14 17 27 
3 12 16 17 27 
7 12 16 17 27 
2 3 14 18 27 
3 14 17 18 27 
3 16 17 18 27 
0 4 14 20 27 
4 12 14 20 27 
7 12 14 20 27 
2 3 16 20 27 
0 4 16 20 27 
0 8 16 20 27 
2 8 16 20 27 
4 12 16 20 27 
7 12 16 20 27 
7 14 17 20 27 
7 16 17 20 27 
2 3 18 20 27 
2 8 18 20 27 
3 16 18 20 27 
0 2 8 21 27 
0 2 9 21 27 
0 4 9 21 27 
3 7 9 21 27 
2 3 12 21 27 
3 7 12 21 27 
2 9 12 21 27 
7 9 12 21 27 
0 8 20 21 27 
8 18 20 21 27 
2 8 18 22 27 
2 3 21 22 27 
2 8 21 22 27 
3 9 21 22 27 
4 9 21 22 27 
8 18 21 22 27 
2 3 14 26 27 
0 4 14 26 27 
3 9 14 26 27 
4 9 14 26 27 
2 14 18 26 27 
0 14 20 26 27 
0 4 21 26 27 
0 20 21 26 27 
2 3 22 26 27 
3 9 22 26 27 
4 9 22 26 27 
2 18 22 26 27 
4 21 22 26 27 
