5 140
0 3 9 12 15 
3 5 9 12 15 
0 3 9 14 15 
2 5 9 14 15 
3 5 9 14 15 
0 3 12 14 15 
0 5 12 14 15 
3 5 12 14 15 
0 5 12 14 17 
0 5 10 15 17 
0 5 14 15 17 
0 3 5 12 18 
0 3 5 17 18 
0 3 9 17 18 
0 8 9 17 18 
0 5 12 17 18 
3 5 12 17 18 
8 9 15 17 18 
0 2 5 9 19 
0 3 9 14 19 
0 3 12 14 19 
0 10 14 15 19 
2 5 9 17 19 
5 8 9 17 19 
0 8 10 17 19 
5 8 10 17 19 
0 12 14 17 19 
2 5 15 17 19 
2 9 15 17 19 
8 9 15 17 19 
0 10 15 17 19 
5 10 15 17 19 
0 14 15 17 19 
8 15 17 18 19 
0 5 9 10 20 
0 8 9 10 20 
5 8 9 10 20 
0 3 9 19 20 
0 5 9 19 20 
5 8 9 19 20 
0 5 10 19 20 
0 8 10 19 20 
5 8 10 19 20 
0 3 12 19 20 
3 12 14 19 20 
12 14 17 19 20 
2 9 14 15 21 
8 9 14 15 21 
2 9 14 17 21 
3 9 14 17 21 
3 12 14 17 21 
2 9 15 17 21 
0 8 9 18 21 
8 9 15 18 21 
9 15 17 18 21 
3 9 14 19 21 
8 9 14 19 21 
0 8 18 19 21 
8 15 18 19 21 
0 3 9 20 21 
0 8 9 20 21 
0 3 12 20 21 
3 12 14 20 21 
12 14 17 20 21 
0 8 19 20 21 
3 9 19 20 21 
8 9 19 20 21 
0 12 19 20 21 
3 14 19 20 21 
12 17 19 20 21 
0 3 5 8 22 
0 3 8 9 22 
3 5 8 9 22 
0 5 8 10 22 
2 5 9 14 22 
3 5 9 14 22 
3 5 12 14 22 
2 5 14 15 22 
0 3 5 17 22 
0 3 9 17 22 
2 5 9 17 22 
0 8 9 17 22 
5 8 9 17 22 
0 5 10 17 22 
0 8 10 17 22 
5 8 10 17 22 
3 5 12 17 22 
2 9 14 17 22 
3 9 14 17 22 
3 12 14 17 22 
5 12 14 17 22 
2 5 15 17 22 
5 14 15 17 22 
2 14 15 21 22 
2 14 17 21 22 
2 15 17 21 22 
0 2 5 12 23 
0 2 9 12 23 
2 5 9 12 23 
2 5 9 15 23 
0 5 10 15 23 
0 5 12 15 23 
0 9 12 15 23 
5 9 12 15 23 
0 9 14 15 23 
8 9 14 15 23 
0 10 14 15 23 
0 2 5 19 23 
0 2 9 19 23 
0 5 10 19 23 
0 9 14 19 23 
8 9 14 19 23 
0 10 14 19 23 
2 5 15 19 23 
2 9 15 19 23 
8 9 15 19 23 
5 10 15 19 23 
10 14 15 19 23 
8 14 15 21 23 
8 14 19 21 23 
8 15 19 21 23 
0 3 9 18 26 
0 3 12 18 26 
0 8 17 18 26 
3 9 17 18 26 
0 12 17 18 26 
3 12 17 18 26 
0 8 17 19 26 
0 12 17 19 26 
0 8 18 19 26 
8 17 18 19 26 
0 3 9 21 26 
0 3 12 21 26 
3 9 17 21 26 
3 12 17 21 26 
0 9 18 21 26 
9 17 18 21 26 
0 12 19 21 26 
12 17 19 21 26 
0 18 19 21 26 
