5 200
3 4 5 7 14 
2 5 7 10 14 
4 5 7 10 14 
4 6 7 10 14 
1 2 4 9 15 
2 6 7 10 15 
3 4 5 14 15 
3 4 7 14 15 
2 5 7 14 15 
3 5 7 14 15 
4 6 7 14 15 
4 6 10 14 15 
2 7 10 14 15 
6 7 10 14 15 
0 2 4 14 16 
2 4 10 14 16 
2 4 6 7 17 
2 4 6 10 17 
1 2 9 14 17 
1 2 11 14 17 
2 5 7 15 17 
2 6 7 15 17 
2 6 10 15 17 
4 6 10 15 17 
4 6 7 16 17 
0 4 15 16 17 
4 6 15 16 17 
3 7 15 16 17 
6 7 15 16 17 
1 2 4 11 19 
1 4 9 11 19 
1 2 9 14 19 
1 2 11 14 19 
0 2 4 15 19 
1 2 4 15 19 
1 2 9 15 19 
1 4 9 15 19 
2 5 9 15 19 
2 5 9 17 19 
2 9 14 17 19 
2 5 15 17 19 
0 4 14 15 21 
2 10 14 15 21 
4 10 14 15 21 
2 11 14 15 21 
2 4 10 16 21 
0 4 14 16 21 
4 10 14 16 21 
1 2 9 17 21 
2 5 9 17 21 
2 4 10 17 21 
1 2 11 17 21 
1 9 14 17 21 
1 11 14 17 21 
0 4 15 17 21 
2 10 15 17 21 
4 10 15 17 21 
2 11 15 17 21 
11 14 15 17 21 
0 4 16 17 21 
2 4 16 17 21 
2 5 16 17 21 
0 15 16 17 21 
1 9 14 19 21 
2 10 14 19 21 
1 11 14 19 21 
2 11 14 19 21 
5 9 17 19 21 
9 14 17 19 21 
5 16 17 19 21 
0 2 4 11 22 
0 2 9 11 22 
1 2 9 11 22 
0 4 9 11 22 
3 4 5 15 22 
3 4 7 15 22 
4 6 7 15 22 
4 5 9 15 22 
2 5 7 16 22 
3 5 7 16 22 
4 6 7 16 22 
3 5 15 16 22 
3 7 15 16 22 
6 7 15 16 22 
2 4 11 19 22 
1 9 11 19 22 
4 9 11 19 22 
4 6 15 19 22 
4 9 15 19 22 
5 9 15 19 22 
5 15 16 19 22 
2 4 18 19 22 
4 6 18 19 22 
2 10 18 19 22 
10 14 18 19 22 
1 2 9 21 22 
2 5 9 21 22 
1 2 11 21 22 
2 5 16 21 22 
2 10 16 21 22 
10 14 16 21 22 
1 9 19 21 22 
5 9 19 21 22 
2 10 19 21 22 
1 11 19 21 22 
2 11 19 21 22 
10 14 19 21 22 
5 16 19 21 22 
0 3 4 5 24 
0 3 4 7 24 
0 2 5 7 24 
0 3 5 7 24 
0 2 5 9 24 
0 4 5 9 24 
0 2 7 16 24 
0 4 7 16 24 
2 10 14 16 24 
2 11 14 16 24 
0 2 15 16 24 
0 4 15 16 24 
4 6 15 16 24 
2 11 15 16 24 
11 14 15 16 24 
2 11 14 17 24 
2 11 15 17 24 
11 14 15 17 24 
0 2 4 19 24 
2 10 14 19 24 
0 2 15 19 24 
0 4 15 19 24 
4 6 15 19 24 
2 14 17 19 24 
2 15 17 19 24 
2 4 18 19 24 
4 6 18 19 24 
2 10 18 19 24 
10 14 18 19 24 
0 2 4 22 24 
3 4 5 22 24 
3 4 7 22 24 
2 5 7 22 24 
3 5 7 22 24 
0 2 9 22 24 
0 4 9 22 24 
2 5 9 22 24 
4 5 9 22 24 
4 6 16 22 24 
2 7 16 22 24 
4 7 16 22 24 
2 10 16 22 24 
10 14 16 22 24 
6 15 16 22 24 
2 4 18 22 24 
4 6 18 22 24 
2 10 18 22 24 
10 14 18 22 24 
6 15 19 22 24 
6 18 19 22 24 
2 4 5 9 26 
2 4 5 10 26 
0 2 4 14 26 
2 4 10 14 26 
2 5 10 14 26 
4 5 10 14 26 
0 2 4 15 26 
2 4 9 15 26 
2 5 9 15 26 
4 5 9 15 26 
0 4 14 15 26 
2 5 14 15 26 
4 5 14 15 26 
2 11 14 15 26 
0 2 14 16 26 
2 11 14 16 26 
0 2 15 16 26 
2 11 15 16 26 
11 14 15 16 26 
0 14 15 21 26 
0 14 16 21 26 
0 15 16 21 26 
0 2 4 7 27 
3 5 7 15 27 
0 2 4 16 27 
0 2 7 16 27 
0 4 7 16 27 
2 5 7 16 27 
3 5 7 16 27 
3 5 15 16 27 
2 4 7 17 27 
2 5 7 17 27 
3 7 15 17 27 
5 7 15 17 27 
2 4 16 17 27 
2 5 16 17 27 
3 7 16 17 27 
4 7 16 17 27 
3 15 16 17 27 
5 15 16 19 27 
5 15 17 19 27 
5 16 17 19 27 
