5 112
4 9 15 18 19 
7 9 15 18 19 
1 2 4 10 20 
1 2 9 10 20 
2 4 9 10 20 
1 4 10 18 20 
7 15 18 19 20 
1 2 7 9 21 
1 3 7 9 21 
1 2 3 11 21 
1 2 7 11 21 
1 3 7 11 21 
1 2 9 15 21 
2 7 9 15 21 
1 9 10 15 21 
2 7 11 15 21 
1 2 3 18 21 
1 3 9 18 21 
3 7 9 18 21 
1 9 10 18 21 
4 9 10 18 21 
2 3 11 18 21 
3 7 11 18 21 
1 2 15 18 21 
4 9 15 18 21 
7 9 15 18 21 
1 10 15 18 21 
2 11 15 18 21 
7 11 15 18 21 
1 9 10 15 24 
2 7 11 15 24 
1 2 15 18 24 
1 10 15 18 24 
2 11 15 18 24 
1 2 15 19 24 
2 7 15 19 24 
4 9 18 19 24 
7 9 18 19 24 
1 2 9 20 24 
1 9 10 20 24 
4 9 10 20 24 
1 2 18 20 24 
4 9 18 20 24 
7 9 18 20 24 
1 10 18 20 24 
4 10 18 20 24 
2 11 18 20 24 
7 15 19 20 24 
7 18 19 20 24 
4 9 10 21 24 
9 10 15 21 24 
4 10 18 21 24 
10 15 18 21 24 
1 2 3 4 26 
1 3 4 9 26 
2 3 4 9 26 
1 4 9 10 26 
1 2 3 18 26 
1 3 9 18 26 
3 7 9 18 26 
1 4 10 18 26 
1 9 10 18 26 
4 9 10 18 26 
2 3 11 18 26 
3 7 11 18 26 
7 11 15 18 26 
1 2 4 20 26 
2 4 9 20 26 
1 2 18 20 26 
1 4 18 20 26 
4 9 18 20 26 
7 9 18 20 26 
2 11 18 20 26 
7 15 18 20 26 
2 3 9 24 26 
3 7 9 24 26 
2 3 11 24 26 
3 7 11 24 26 
7 11 15 24 26 
11 15 18 24 26 
2 9 20 24 26 
7 9 20 24 26 
2 11 20 24 26 
7 15 20 24 26 
11 18 20 24 26 
2 3 7 9 27 
2 3 7 11 27 
1 2 9 15 27 
2 7 9 15 27 
1 2 15 19 27 
2 7 15 19 27 
4 9 15 19 27 
7 9 15 19 27 
4 15 18 19 27 
4 9 15 21 27 
4 15 18 21 27 
1 2 9 24 27 
2 3 9 24 27 
3 7 9 24 27 
2 3 11 24 27 
2 7 11 24 27 
3 7 11 24 27 
1 9 15 24 27 
1 2 19 24 27 
2 7 19 24 27 
4 9 19 24 27 
7 9 19 24 27 
1 15 19 24 27 
4 18 19 24 27 
4 9 21 24 27 
9 15 21 24 27 
4 18 21 24 27 
