5 129
2 3 5 12 14 
0 2 7 14 15 
1 2 12 14 15 
3 5 12 14 15 
0 2 7 14 16 
1 2 14 15 16 
2 7 14 15 16 
0 3 8 14 17 
0 7 14 15 17 
0 2 3 8 18 
1 2 3 8 18 
1 2 8 12 18 
1 3 8 12 18 
0 2 3 15 18 
1 2 3 15 18 
1 3 12 15 18 
3 5 12 15 18 
7 14 15 16 18 
0 3 8 17 18 
0 3 15 17 18 
3 5 15 17 18 
0 7 15 17 18 
7 14 15 17 18 
1 2 3 12 21 
0 2 3 14 21 
2 3 12 14 21 
0 2 3 15 21 
1 2 3 15 21 
1 2 12 15 21 
1 3 12 15 21 
0 2 14 15 21 
3 8 14 15 21 
2 12 14 15 21 
3 12 14 15 21 
0 3 14 17 21 
3 8 14 17 21 
0 3 15 17 21 
0 14 15 17 21 
0 2 3 7 22 
2 3 5 7 22 
0 3 7 12 22 
2 5 7 12 22 
3 5 7 12 22 
0 2 3 14 22 
2 3 5 14 22 
0 3 8 14 22 
2 5 12 14 22 
0 2 7 16 22 
0 2 14 16 22 
1 2 14 16 22 
0 8 14 16 22 
1 14 15 16 22 
0 2 7 12 24 
0 3 8 16 24 
3 5 14 16 24 
3 8 14 16 24 
0 3 8 22 24 
0 3 12 22 24 
3 5 12 22 24 
0 7 12 22 24 
2 7 12 22 24 
1 2 14 22 24 
3 5 14 22 24 
3 8 14 22 24 
2 12 14 22 24 
5 12 14 22 24 
1 14 15 22 24 
1 2 16 22 24 
0 7 16 22 24 
2 7 16 22 24 
0 8 16 22 24 
8 14 16 22 24 
1 15 16 22 24 
0 2 8 12 25 
0 3 8 12 25 
1 2 12 14 25 
0 2 7 15 25 
3 5 14 15 25 
3 8 14 15 25 
1 12 14 15 25 
5 12 14 15 25 
0 3 8 16 25 
3 5 14 16 25 
0 7 14 16 25 
0 8 14 16 25 
3 8 14 16 25 
1 2 15 16 25 
2 7 15 16 25 
0 7 14 17 25 
0 8 14 17 25 
3 5 15 17 25 
0 2 8 18 25 
1 2 12 18 25 
3 5 12 18 25 
2 8 12 18 25 
3 8 12 18 25 
0 2 15 18 25 
1 2 15 18 25 
0 7 15 18 25 
1 12 15 18 25 
5 12 15 18 25 
7 14 16 18 25 
7 15 16 18 25 
3 5 17 18 25 
0 7 17 18 25 
0 8 17 18 25 
3 8 17 18 25 
7 14 17 18 25 
5 15 17 18 25 
3 8 15 21 25 
8 14 15 21 25 
3 8 17 21 25 
8 14 17 21 25 
3 15 17 21 25 
0 2 7 24 25 
0 2 12 24 25 
0 3 12 24 25 
3 5 12 24 25 
1 2 14 24 25 
2 12 14 24 25 
5 12 14 24 25 
1 14 15 24 25 
1 2 16 24 25 
0 3 16 24 25 
3 5 16 24 25 
0 7 16 24 25 
2 7 16 24 25 
5 14 16 24 25 
1 15 16 24 25 
