5 189
0 2 3 9 15 
0 3 7 9 15 
1 2 8 9 15 
1 7 9 13 16 
0 1 7 14 16 
0 3 7 14 16 
3 7 9 14 16 
1 7 13 14 16 
1 9 13 14 16 
7 9 13 14 16 
1 2 3 5 18 
1 2 3 9 18 
1 3 7 13 18 
1 3 9 13 18 
3 7 9 13 18 
0 1 3 5 19 
0 2 3 5 19 
0 1 4 5 19 
0 2 4 5 19 
1 2 4 5 19 
0 1 3 7 19 
0 2 3 14 19 
0 1 4 14 19 
0 2 4 14 19 
1 2 4 14 19 
1 2 5 14 19 
1 3 5 14 19 
2 3 5 14 19 
0 1 7 14 19 
0 3 7 14 19 
1 7 13 14 19 
1 9 13 14 19 
7 13 14 17 20 
1 3 7 19 20 
1 7 13 19 20 
1 9 13 19 20 
1 3 14 19 20 
3 7 14 19 20 
1 9 14 19 20 
7 13 14 19 20 
13 14 17 19 20 
0 1 4 14 21 
0 2 4 14 21 
1 2 4 14 21 
1 2 5 14 21 
3 7 9 14 21 
7 9 13 14 21 
0 2 3 15 21 
0 1 14 16 21 
0 3 14 16 21 
1 5 14 16 21 
7 13 14 17 21 
13 14 17 19 21 
0 1 2 4 23 
0 1 2 8 23 
0 1 7 9 23 
0 1 8 9 23 
0 2 8 9 23 
1 2 5 15 23 
0 3 7 15 23 
1 2 8 15 23 
0 2 9 15 23 
0 7 9 15 23 
3 7 9 15 23 
2 8 9 15 23 
0 1 7 16 23 
0 3 7 16 23 
1 7 9 16 23 
3 7 9 16 23 
0 1 4 21 23 
0 2 4 21 23 
1 2 4 21 23 
1 2 5 21 23 
3 9 14 21 23 
9 13 14 21 23 
0 2 15 21 23 
0 3 15 21 23 
2 5 15 21 23 
3 9 15 21 23 
9 13 15 21 23 
0 1 16 21 23 
0 3 16 21 23 
1 5 16 21 23 
13 14 19 21 23 
1 3 7 18 24 
3 7 9 18 24 
1 8 9 18 24 
1 7 13 18 24 
1 9 13 18 24 
7 9 13 18 24 
9 13 14 19 24 
1 3 7 20 24 
1 7 13 20 24 
1 9 13 20 24 
1 3 14 20 24 
3 7 14 20 24 
1 9 14 20 24 
7 13 17 20 24 
7 14 17 20 24 
9 13 19 20 24 
9 14 19 20 24 
13 17 19 20 24 
3 7 9 21 24 
7 9 13 21 24 
0 3 14 21 24 
3 7 14 21 24 
7 13 17 21 24 
7 14 17 21 24 
0 14 18 21 24 
13 17 19 21 24 
0 3 14 22 24 
1 3 14 22 24 
0 3 18 22 24 
1 3 18 22 24 
1 8 18 22 24 
0 14 18 22 24 
1 8 9 23 24 
1 5 14 23 24 
1 9 14 23 24 
9 13 14 23 24 
1 5 15 23 24 
1 8 15 23 24 
8 9 15 23 24 
9 13 15 23 24 
13 14 19 23 24 
13 15 21 23 24 
13 19 21 23 24 
0 2 3 14 26 
1 3 5 14 26 
2 3 5 14 26 
1 2 5 15 26 
1 2 9 15 26 
2 3 9 15 26 
1 8 9 15 26 
1 2 5 18 26 
1 3 5 18 26 
2 3 5 18 26 
1 2 9 18 26 
2 3 9 18 26 
1 8 9 18 26 
0 2 3 21 26 
0 2 14 21 26 
2 5 14 21 26 
2 3 15 21 26 
2 5 15 21 26 
3 9 15 21 26 
9 13 15 21 26 
5 14 16 21 26 
0 14 18 21 26 
0 3 14 22 26 
1 3 14 22 26 
0 3 18 22 26 
1 3 18 22 26 
1 8 18 22 26 
0 14 18 22 26 
5 14 16 23 26 
5 15 21 23 26 
5 16 21 23 26 
1 5 14 24 26 
1 5 15 24 26 
1 8 15 24 26 
8 9 15 24 26 
9 13 15 24 26 
0 3 18 24 26 
3 9 18 24 26 
8 9 18 24 26 
0 3 21 24 26 
3 9 21 24 26 
9 13 21 24 26 
13 15 21 24 26 
0 18 21 24 26 
1 8 22 24 26 
1 14 22 24 26 
8 18 22 24 26 
5 14 23 24 26 
5 15 23 24 26 
1 5 14 16 27 
1 9 14 16 27 
3 9 14 16 27 
3 14 16 21 27 
1 5 14 23 27 
1 9 14 23 27 
3 9 14 23 27 
1 5 16 23 27 
1 9 16 23 27 
3 9 16 23 27 
5 14 16 23 27 
3 14 21 23 27 
3 16 21 23 27 
