5 156
1 4 5 11 14 
4 5 6 11 14 
1 5 8 11 14 
5 6 8 11 14 
0 1 6 9 15 
0 4 6 9 15 
1 2 6 8 17 
1 5 8 15 17 
1 2 6 17 20 
1 6 8 17 20 
2 6 8 17 20 
1 8 11 17 20 
0 1 15 17 20 
1 5 15 17 20 
1 2 6 19 20 
1 6 9 19 20 
1 2 15 19 20 
0 1 4 11 22 
0 1 6 11 22 
0 4 6 11 22 
1 4 5 14 22 
1 5 8 14 22 
4 5 8 14 22 
2 6 8 14 22 
1 4 11 14 22 
4 6 11 14 22 
1 8 11 14 22 
6 8 11 14 22 
0 1 4 15 22 
1 4 5 15 22 
0 1 6 15 22 
0 4 6 15 22 
4 5 8 15 22 
1 6 9 15 22 
4 6 9 15 22 
1 5 8 17 22 
1 8 11 17 22 
5 8 15 17 22 
8 11 15 17 22 
4 6 9 19 22 
2 6 14 19 22 
4 6 14 19 22 
4 8 14 19 22 
1 5 15 19 22 
4 8 15 19 22 
1 9 15 19 22 
4 9 15 19 22 
2 6 8 20 22 
1 5 17 20 22 
1 11 17 20 22 
5 15 17 20 22 
2 6 19 20 22 
6 9 19 20 22 
2 14 19 20 22 
4 5 6 8 23 
0 1 15 20 23 
1 2 15 20 23 
0 1 17 20 23 
1 2 17 20 23 
2 8 17 20 23 
8 11 17 20 23 
11 15 17 22 23 
2 8 20 22 23 
8 11 20 22 23 
11 17 20 22 23 
1 6 8 11 24 
1 5 15 19 24 
1 6 8 20 24 
1 6 9 20 24 
1 8 11 20 24 
1 5 15 20 24 
1 9 19 20 24 
1 15 19 20 24 
1 6 9 22 24 
1 6 11 22 24 
6 8 11 22 24 
1 5 19 22 24 
1 9 19 22 24 
5 15 19 22 24 
1 5 20 22 24 
6 8 20 22 24 
6 9 20 22 24 
1 11 20 22 24 
8 11 20 22 24 
5 15 20 22 24 
9 19 20 22 24 
0 1 4 9 25 
1 4 6 9 25 
4 5 6 14 25 
4 5 8 14 25 
2 6 8 14 25 
5 6 8 14 25 
0 1 9 15 25 
0 4 9 15 25 
1 2 6 19 25 
1 6 9 19 25 
4 6 9 19 25 
2 6 14 19 25 
4 6 14 19 25 
4 8 14 19 25 
1 2 15 19 25 
4 8 15 19 25 
1 9 15 19 25 
4 9 15 19 25 
2 14 19 20 25 
2 15 19 20 25 
2 8 14 22 25 
8 11 15 22 25 
8 14 19 22 25 
8 15 19 22 25 
2 14 20 22 25 
0 1 4 23 25 
1 2 6 23 25 
1 4 6 23 25 
4 5 6 23 25 
4 5 8 23 25 
2 6 8 23 25 
5 6 8 23 25 
0 1 15 23 25 
1 2 15 23 25 
0 4 15 23 25 
4 8 15 23 25 
8 11 15 23 25 
2 15 20 23 25 
2 8 22 23 25 
8 11 22 23 25 
11 15 22 23 25 
2 20 22 23 25 
1 2 4 6 27 
1 2 4 8 27 
1 4 5 8 27 
2 4 6 8 27 
0 1 4 15 27 
1 4 5 15 27 
1 5 8 15 27 
4 5 8 15 27 
1 2 8 17 27 
0 1 15 17 27 
1 8 15 17 27 
8 11 15 17 27 
0 15 17 20 27 
0 1 4 23 27 
1 2 6 23 27 
1 4 6 23 27 
2 6 8 23 27 
4 6 8 23 27 
0 4 15 23 27 
4 8 15 23 27 
8 11 15 23 27 
0 1 17 23 27 
1 2 17 23 27 
2 8 17 23 27 
8 11 17 23 27 
11 15 17 23 27 
0 15 20 23 27 
0 17 20 23 27 
