5 125
0 2 5 7 16 
0 2 7 8 16 
0 5 7 8 16 
2 7 8 13 16 
5 7 8 13 16 
0 2 5 14 16 
2 5 7 14 16 
3 5 7 14 16 
3 6 7 14 16 
2 7 13 14 16 
6 7 13 14 16 
2 8 13 14 16 
0 2 5 8 19 
3 5 7 16 19 
0 2 8 16 19 
0 5 8 16 19 
5 7 13 16 19 
6 7 13 16 19 
5 8 13 16 19 
0 2 14 16 19 
0 5 14 16 19 
3 5 14 16 19 
2 8 14 16 19 
6 13 14 16 19 
8 13 14 16 19 
2 8 13 14 22 
6 13 14 19 22 
8 13 14 19 22 
6 14 16 19 22 
2 5 13 20 22 
5 6 13 20 22 
6 13 19 20 22 
8 13 19 20 22 
3 5 6 14 23 
3 6 7 16 23 
3 6 14 16 23 
0 2 5 19 23 
3 5 7 19 23 
2 8 13 19 23 
0 2 14 19 23 
0 5 14 19 23 
3 5 14 19 23 
2 8 14 19 23 
3 7 16 19 23 
3 14 16 19 23 
6 13 19 20 23 
8 13 19 20 23 
0 5 14 22 23 
5 6 14 22 23 
6 14 16 22 23 
2 5 20 22 23 
5 6 20 22 23 
6 19 20 22 23 
2 5 8 13 25 
2 5 8 19 25 
5 7 13 19 25 
6 7 13 19 25 
2 8 13 19 25 
5 8 13 19 25 
6 7 16 19 25 
6 16 19 22 25 
2 5 13 23 25 
5 7 13 23 25 
6 7 13 23 25 
6 7 16 23 25 
2 5 19 23 25 
5 7 19 23 25 
2 13 19 23 25 
6 13 19 23 25 
7 16 19 23 25 
6 16 22 23 25 
6 19 22 23 25 
3 5 6 7 26 
5 6 7 13 26 
2 5 13 20 26 
5 6 13 20 26 
2 8 13 22 26 
8 14 19 22 26 
2 13 20 22 26 
8 13 20 22 26 
8 19 20 22 26 
3 5 6 23 26 
3 5 7 23 26 
3 6 7 23 26 
2 5 13 23 26 
5 7 13 23 26 
6 7 13 23 26 
2 8 13 23 26 
8 14 19 23 26 
2 5 20 23 26 
5 6 20 23 26 
6 13 20 23 26 
8 13 20 23 26 
8 19 20 23 26 
2 8 22 23 26 
2 20 22 23 26 
2 3 5 6 27 
2 3 5 7 27 
2 3 6 7 27 
2 5 6 13 27 
2 6 7 13 27 
0 2 5 14 27 
3 5 6 14 27 
2 5 7 14 27 
3 5 7 14 27 
3 6 7 14 27 
2 7 13 14 27 
6 7 13 14 27 
2 5 13 22 27 
5 6 13 22 27 
0 5 14 22 27 
5 6 14 22 27 
2 8 14 22 27 
2 13 14 22 27 
6 13 14 22 27 
0 2 5 23 27 
0 2 14 23 27 
2 8 14 23 27 
0 5 22 23 27 
2 5 22 23 27 
2 8 22 23 27 
0 14 22 23 27 
8 14 22 26 27 
8 14 23 26 27 
8 22 23 26 27 
