5 124
2 5 9 10 15 
4 5 9 10 15 
2 4 5 10 18 
2 4 9 10 18 
0 3 5 12 18 
2 4 5 12 18 
2 4 9 12 18 
2 5 9 12 18 
2 5 9 15 18 
2 5 10 15 18 
4 5 10 15 18 
5 9 13 15 18 
0 4 9 11 19 
0 4 9 12 19 
0 3 12 13 20 
3 5 12 13 20 
0 9 12 13 20 
5 9 12 13 20 
2 9 10 18 20 
4 9 10 18 20 
0 9 11 18 20 
0 3 12 18 20 
0 4 12 18 20 
3 5 12 18 20 
4 9 12 18 20 
5 9 12 18 20 
0 3 13 18 20 
3 5 13 18 20 
0 9 13 18 20 
5 9 13 18 20 
2 9 10 19 20 
4 9 10 19 20 
0 4 11 19 20 
0 9 11 19 20 
0 4 12 19 20 
0 9 12 19 20 
4 9 12 19 20 
0 4 5 11 21 
0 5 9 11 21 
4 5 9 11 21 
0 4 5 12 21 
0 3 5 13 21 
0 5 9 13 21 
4 9 10 19 21 
4 9 11 19 21 
2 9 10 15 26 
4 9 10 15 26 
0 4 15 18 26 
2 9 15 18 26 
2 10 15 18 26 
4 10 15 18 26 
9 13 15 18 26 
9 11 17 18 26 
2 9 10 19 26 
9 11 17 20 26 
0 4 18 20 26 
2 9 18 20 26 
2 10 18 20 26 
4 10 18 20 26 
9 11 18 20 26 
0 15 18 20 26 
11 17 18 20 26 
2 10 19 20 26 
2 9 19 21 26 
9 10 19 21 26 
2 9 20 21 26 
9 17 20 21 26 
2 19 20 21 26 
4 5 9 15 27 
5 9 13 15 27 
0 3 5 18 27 
0 9 11 18 27 
0 4 12 18 27 
0 5 12 18 27 
4 5 12 18 27 
0 3 13 18 27 
3 5 13 18 27 
0 9 13 18 27 
0 4 15 18 27 
4 5 15 18 27 
5 13 15 18 27 
9 11 17 18 27 
0 4 11 20 27 
9 11 17 20 27 
0 11 18 20 27 
0 15 18 20 27 
11 17 18 20 27 
2 9 19 20 27 
4 10 19 20 27 
4 11 19 20 27 
9 11 19 20 27 
0 3 5 21 27 
4 5 9 21 27 
4 9 10 21 27 
0 4 11 21 27 
0 9 11 21 27 
0 4 12 21 27 
0 5 12 21 27 
4 5 12 21 27 
0 3 13 21 27 
3 5 13 21 27 
0 9 13 21 27 
5 9 13 21 27 
2 9 19 21 27 
4 10 19 21 27 
4 11 19 21 27 
9 11 19 21 27 
2 9 20 21 27 
9 17 20 21 27 
2 19 20 21 27 
4 9 10 26 27 
0 4 15 26 27 
4 9 15 26 27 
9 13 15 26 27 
9 13 18 26 27 
13 15 18 26 27 
9 17 18 26 27 
0 4 20 26 27 
4 10 20 26 27 
0 15 20 26 27 
10 19 20 26 27 
9 10 21 26 27 
9 17 21 26 27 
10 19 21 26 27 
