5 182
1 2 3 10 14 
1 2 9 10 14 
2 3 9 10 14 
3 9 10 12 14 
3 10 12 13 14 
4 10 12 13 14 
0 4 10 14 15 
1 2 3 14 17 
1 2 9 14 17 
2 3 9 14 17 
1 3 10 14 17 
1 9 10 14 17 
3 9 12 14 17 
4 10 12 14 17 
9 10 12 14 17 
3 10 13 14 17 
8 10 13 14 17 
3 12 13 14 17 
0 4 14 15 17 
4 10 14 15 17 
8 10 14 15 17 
0 3 5 10 20 
3 8 10 13 20 
3 10 13 17 20 
8 10 13 17 20 
0 1 5 10 21 
0 1 9 10 21 
1 2 9 17 21 
1 9 10 17 21 
0 1 3 9 22 
1 2 3 9 22 
0 3 4 9 22 
0 3 4 10 22 
0 4 9 10 23 
3 4 9 12 23 
4 9 10 12 23 
3 4 12 13 23 
0 4 9 15 23 
0 4 10 15 23 
0 9 10 15 23 
3 4 9 17 23 
3 9 12 17 23 
4 10 12 17 23 
9 10 12 17 23 
3 4 13 17 23 
3 12 13 17 23 
4 12 13 17 23 
2 9 15 17 23 
4 9 15 17 23 
4 10 15 17 23 
8 10 15 17 23 
8 14 15 17 23 
2 9 17 21 23 
8 10 17 21 23 
9 10 17 21 23 
8 14 17 21 23 
3 4 8 10 24 
3 4 8 13 24 
4 8 10 13 24 
0 4 9 15 24 
2 3 9 17 24 
3 4 9 17 24 
3 4 13 17 24 
4 12 13 17 24 
2 9 15 17 24 
4 9 15 17 24 
4 12 15 17 24 
0 4 15 18 24 
4 12 15 18 24 
0 3 10 20 24 
0 5 10 20 24 
3 8 10 20 24 
3 8 13 20 24 
2 3 17 20 24 
3 13 17 20 24 
12 13 17 20 24 
12 15 17 20 24 
0 1 3 22 24 
1 2 3 22 24 
0 1 9 22 24 
1 2 9 22 24 
2 3 9 22 24 
0 4 9 22 24 
3 4 9 22 24 
0 3 10 22 24 
3 4 10 22 24 
0 5 10 22 24 
0 4 18 22 24 
0 5 18 22 24 
4 12 18 22 24 
12 15 18 22 24 
12 15 20 22 24 
2 15 17 23 24 
2 9 21 23 25 
8 10 21 23 25 
9 10 21 23 25 
8 14 21 23 25 
0 1 3 5 26 
1 3 5 10 26 
0 4 10 14 26 
4 10 13 14 26 
8 10 13 14 26 
4 12 13 14 26 
0 9 10 15 26 
0 10 14 15 26 
8 10 14 15 26 
1 2 3 17 26 
1 3 10 17 26 
0 4 14 17 26 
4 12 14 17 26 
8 13 14 17 26 
12 13 14 17 26 
0 4 15 17 26 
4 12 15 17 26 
0 14 15 17 26 
0 4 15 18 26 
4 12 15 18 26 
0 3 5 20 26 
3 5 10 20 26 
2 3 17 20 26 
3 10 17 20 26 
8 10 17 20 26 
8 13 17 20 26 
12 13 17 20 26 
12 15 17 20 26 
0 1 5 21 26 
0 1 9 21 26 
1 2 9 21 26 
0 5 10 21 26 
1 5 10 21 26 
0 9 10 21 26 
1 2 17 21 26 
1 10 17 21 26 
8 10 17 21 26 
8 14 17 21 26 
0 4 10 22 26 
0 5 10 22 26 
0 4 18 22 26 
0 5 18 22 26 
4 12 18 22 26 
12 15 18 22 26 
12 15 20 22 26 
2 9 15 23 26 
8 10 15 23 26 
9 10 15 23 26 
8 14 15 23 26 
2 17 21 23 26 
0 1 3 24 26 
1 2 3 24 26 
0 1 9 24 26 
1 2 9 24 26 
4 10 13 24 26 
8 10 13 24 26 
4 12 13 24 26 
0 9 15 24 26 
2 9 15 24 26 
0 5 18 24 26 
0 15 18 24 26 
0 3 20 24 26 
2 3 20 24 26 
0 5 20 24 26 
5 10 20 24 26 
8 10 20 24 26 
8 13 20 24 26 
12 13 20 24 26 
2 17 20 24 26 
4 10 22 24 26 
5 10 22 24 26 
4 12 22 24 26 
5 18 22 24 26 
12 20 22 24 26 
2 15 23 24 26 
2 17 23 24 26 
2 9 21 25 26 
8 10 21 25 26 
9 10 21 25 26 
8 14 21 25 26 
2 9 23 25 26 
8 10 23 25 26 
9 10 23 25 26 
8 14 23 25 26 
2 21 23 25 26 
