5 121
0 3 4 7 15 
0 4 6 7 15 
3 4 6 7 15 
3 5 6 10 16 
6 10 13 14 16 
3 5 6 13 18 
3 5 10 13 18 
5 6 10 13 18 
3 5 6 14 18 
3 6 13 14 18 
3 10 13 14 18 
6 10 13 14 18 
3 5 10 16 18 
5 6 10 16 18 
4 6 14 16 18 
3 7 14 16 18 
3 10 14 16 18 
6 10 14 16 18 
0 3 4 15 20 
3 4 6 15 20 
3 5 6 15 20 
0 3 7 15 20 
3 5 14 15 20 
3 10 14 15 20 
0 4 6 16 20 
3 7 14 16 20 
3 10 14 16 20 
7 14 16 18 20 
0 3 6 10 22 
0 3 10 13 22 
0 6 10 13 22 
3 5 6 16 22 
0 3 7 16 22 
3 6 10 16 22 
0 3 13 16 22 
0 6 13 16 22 
3 10 13 16 22 
6 10 13 16 22 
3 5 14 18 22 
4 6 14 18 22 
5 6 14 18 22 
3 7 14 18 22 
3 5 16 18 22 
4 6 16 18 22 
5 6 16 18 22 
3 7 16 18 22 
4 14 16 18 22 
3 7 14 20 22 
0 6 16 20 22 
4 6 16 20 22 
0 7 16 20 22 
0 6 17 20 22 
5 6 17 20 22 
0 7 17 20 22 
5 15 17 20 22 
7 14 18 20 22 
7 16 18 20 22 
0 3 4 6 23 
0 3 4 20 23 
0 4 6 20 23 
3 4 6 20 23 
3 5 6 20 23 
0 3 7 20 23 
3 5 14 20 23 
5 14 15 20 23 
0 6 17 20 23 
5 6 17 20 23 
0 7 17 20 23 
5 15 17 20 23 
0 3 6 22 23 
3 5 6 22 23 
0 3 7 22 23 
3 5 14 22 23 
5 14 15 22 23 
0 6 17 22 23 
5 6 17 22 23 
0 7 17 22 23 
5 15 17 22 23 
3 7 20 22 23 
3 14 20 22 23 
7 17 20 22 23 
0 3 7 13 26 
0 6 7 13 26 
3 6 7 13 26 
3 5 6 14 26 
3 6 13 14 26 
3 10 13 14 26 
0 4 6 15 26 
3 5 6 15 26 
0 6 7 15 26 
3 6 7 15 26 
3 5 14 15 26 
3 10 14 15 26 
0 4 6 16 26 
0 3 7 16 26 
0 3 13 16 26 
0 6 13 16 26 
3 10 13 16 26 
4 6 14 16 26 
6 13 14 16 26 
10 13 14 16 26 
0 4 15 20 26 
4 6 15 20 26 
5 6 15 20 26 
0 7 15 20 26 
3 7 15 20 26 
3 10 15 20 26 
10 14 15 20 26 
0 4 16 20 26 
0 7 16 20 26 
3 7 16 20 26 
3 10 16 20 26 
10 14 16 20 26 
4 6 14 22 26 
5 6 14 22 26 
5 14 15 22 26 
4 14 16 22 26 
4 6 20 22 26 
5 6 20 22 26 
5 15 20 22 26 
4 16 20 22 26 
