5 154
0 1 2 6 14 
0 1 11 12 16 
0 1 6 14 17 
0 2 6 14 17 
1 2 6 14 17 
0 1 12 16 17 
0 11 12 16 17 
0 1 14 16 17 
1 4 14 16 17 
0 11 14 16 17 
7 12 14 16 17 
11 12 14 16 17 
0 1 2 14 20 
0 2 14 17 20 
1 2 14 17 20 
1 4 14 17 20 
0 11 14 17 20 
4 7 10 17 21 
4 10 12 17 21 
7 10 12 17 21 
7 14 16 17 21 
1 4 17 20 21 
4 12 17 20 21 
0 1 6 7 22 
0 4 6 7 22 
1 4 6 7 22 
0 1 7 12 22 
1 4 7 12 22 
4 7 10 12 22 
0 1 6 17 22 
0 2 6 17 22 
1 2 6 17 22 
4 7 10 17 22 
0 1 12 17 22 
1 4 12 17 22 
4 10 12 17 22 
7 10 12 17 22 
0 11 12 17 22 
0 2 6 20 22 
1 2 6 20 22 
0 4 6 20 22 
1 4 6 20 22 
0 11 12 20 22 
0 2 17 20 22 
0 11 17 20 22 
11 14 17 20 22 
0 4 7 10 24 
0 4 10 12 24 
0 7 10 12 24 
4 7 10 21 24 
4 10 12 21 24 
7 10 12 21 24 
1 4 20 21 24 
4 12 20 21 24 
11 12 20 21 24 
11 14 20 21 24 
0 1 2 4 25 
0 2 4 6 25 
1 2 4 6 25 
0 1 4 8 25 
0 4 8 12 25 
1 4 8 12 25 
0 1 8 14 25 
0 8 12 14 25 
1 8 12 14 25 
0 11 12 14 25 
0 1 2 20 25 
0 2 6 20 25 
1 2 6 20 25 
0 4 6 20 25 
1 4 6 20 25 
0 4 12 20 25 
1 4 12 20 25 
0 11 12 20 25 
0 1 14 20 25 
0 11 14 20 25 
1 12 14 20 25 
7 12 14 20 25 
7 12 14 21 25 
11 12 14 21 25 
11 12 20 21 25 
11 14 20 21 25 
7 12 14 17 26 
11 12 14 17 26 
0 4 12 20 26 
1 2 17 20 26 
7 12 14 21 26 
11 12 14 21 26 
1 4 17 21 26 
4 7 17 21 26 
7 14 17 21 26 
1 17 20 21 26 
0 4 7 22 26 
0 7 12 22 26 
1 2 17 22 26 
1 4 17 22 26 
4 7 17 22 26 
7 12 17 22 26 
11 12 17 22 26 
11 14 17 22 26 
1 2 20 22 26 
0 4 20 22 26 
1 4 20 22 26 
0 12 20 22 26 
11 12 20 22 26 
11 14 20 22 26 
2 17 20 22 26 
0 4 7 24 26 
0 4 12 24 26 
0 7 12 24 26 
1 4 20 24 26 
4 12 20 24 26 
11 12 20 24 26 
11 14 20 24 26 
1 4 21 24 26 
4 7 21 24 26 
7 12 21 24 26 
11 12 21 24 26 
11 14 21 24 26 
1 20 21 24 26 
0 1 8 11 27 
0 8 11 12 27 
1 8 11 12 27 
0 1 8 14 27 
0 8 12 14 27 
1 8 12 14 27 
0 11 12 14 27 
0 1 11 16 27 
1 11 12 16 27 
0 1 14 16 27 
1 4 14 16 27 
0 11 14 16 27 
7 12 14 16 27 
11 12 14 16 27 
1 4 12 17 27 
1 4 16 17 27 
1 12 16 17 27 
7 12 16 17 27 
4 14 16 17 27 
1 4 12 20 27 
1 4 14 20 27 
1 12 14 20 27 
7 12 14 20 27 
4 12 17 20 27 
4 14 17 20 27 
7 14 16 21 27 
7 12 17 21 27 
7 16 17 21 27 
12 17 20 21 27 
7 12 20 25 27 
7 14 20 25 27 
7 12 21 25 27 
7 14 21 25 27 
12 20 21 25 27 
