5 130
0 1 3 9 14 
0 3 9 14 17 
1 3 9 14 17 
1 9 12 14 17 
0 5 9 17 18 
4 7 17 18 19 
5 7 17 18 19 
5 9 17 18 19 
0 1 4 7 20 
0 1 4 9 20 
0 4 7 9 20 
1 4 9 12 20 
0 1 3 17 20 
0 1 7 17 20 
0 5 7 17 20 
0 5 17 18 20 
0 1 3 14 22 
0 1 9 14 22 
1 4 12 14 22 
1 9 12 14 22 
1 4 7 17 22 
0 3 14 17 22 
1 3 14 17 22 
1 4 14 17 22 
0 9 14 17 22 
9 12 14 17 22 
4 9 12 18 22 
4 12 14 18 22 
0 9 17 18 22 
9 12 17 19 22 
9 12 18 19 22 
9 17 18 19 22 
0 1 3 20 22 
1 4 7 20 22 
0 5 7 20 22 
0 1 9 20 22 
0 7 9 20 22 
4 7 9 20 22 
1 4 12 20 22 
1 9 12 20 22 
4 9 12 20 22 
0 3 17 20 22 
1 3 17 20 22 
1 7 17 20 22 
5 7 17 20 22 
0 17 18 20 22 
0 1 3 5 23 
0 1 5 7 23 
0 3 5 9 23 
1 3 5 9 23 
1 5 7 9 23 
1 4 12 14 23 
0 1 3 17 23 
0 1 7 17 23 
1 4 7 17 23 
0 5 7 17 23 
0 3 9 17 23 
1 3 9 17 23 
0 5 9 17 23 
1 9 12 17 23 
1 4 14 17 23 
1 12 14 17 23 
1 4 7 18 23 
1 7 9 18 23 
1 4 12 18 23 
1 9 12 18 23 
4 12 14 18 23 
4 14 17 18 23 
12 14 17 22 23 
12 14 18 22 23 
1 4 7 12 24 
1 7 9 12 24 
4 7 9 12 24 
1 4 7 18 24 
0 5 7 18 24 
0 7 9 18 24 
1 7 9 18 24 
1 4 12 18 24 
1 9 12 18 24 
4 9 12 18 24 
0 5 18 20 24 
0 5 7 22 24 
0 7 9 22 24 
4 7 9 22 24 
4 7 18 22 24 
5 7 18 22 24 
0 9 18 22 24 
4 9 18 22 24 
0 5 20 22 24 
0 18 20 22 24 
4 7 17 18 25 
5 7 17 18 25 
4 14 17 18 25 
5 17 18 20 25 
4 7 17 22 25 
5 7 17 22 25 
4 14 17 22 25 
4 7 18 22 25 
5 7 18 22 25 
4 14 18 22 25 
5 17 20 22 25 
5 18 20 24 25 
5 18 22 24 25 
5 20 22 24 25 
0 5 7 9 27 
0 5 7 18 27 
0 5 9 18 27 
0 7 9 18 27 
4 7 17 19 27 
5 7 17 19 27 
5 9 17 19 27 
9 12 17 19 27 
4 7 18 19 27 
5 7 18 19 27 
5 9 18 19 27 
9 12 18 19 27 
4 17 18 19 27 
12 17 19 22 27 
12 18 19 22 27 
5 7 9 23 27 
4 7 17 23 27 
5 7 17 23 27 
5 9 17 23 27 
9 12 17 23 27 
4 7 18 23 27 
7 9 18 23 27 
9 12 18 23 27 
4 17 18 23 27 
12 17 22 23 27 
12 18 22 23 27 
