5 134
0 2 6 11 15 
0 3 6 11 15 
2 3 6 11 15 
2 9 11 13 16 
0 2 6 15 16 
0 3 6 15 16 
2 3 6 15 16 
0 2 11 15 16 
2 3 11 15 16 
0 2 4 6 17 
0 4 15 16 19 
0 11 15 16 19 
9 11 15 16 19 
0 2 3 9 20 
0 2 9 11 20 
0 3 9 11 20 
2 3 9 13 20 
3 9 11 13 20 
0 2 4 16 20 
0 2 11 16 20 
2 9 11 16 20 
0 2 3 19 20 
0 2 4 19 20 
0 3 11 19 20 
2 3 13 19 20 
2 9 13 19 20 
3 11 13 19 20 
9 11 13 19 20 
0 4 16 19 20 
2 6 16 19 20 
2 9 16 19 20 
0 11 16 19 20 
9 11 16 19 20 
0 2 3 4 21 
2 3 11 13 21 
0 3 6 16 21 
2 3 6 16 21 
2 3 11 16 21 
2 9 13 16 21 
2 11 13 16 21 
9 11 13 16 21 
0 2 3 19 21 
0 2 4 19 21 
0 3 11 19 21 
2 3 13 19 21 
2 9 13 19 21 
3 11 13 19 21 
9 11 13 19 21 
0 2 6 16 22 
0 2 6 17 22 
2 9 14 19 22 
2 6 16 20 22 
2 14 19 20 22 
2 9 14 21 22 
0 6 16 21 22 
0 6 17 21 22 
2 6 17 21 22 
2 9 17 21 22 
0 11 17 21 22 
9 14 19 21 22 
2 6 20 21 22 
2 14 20 21 22 
6 16 20 21 22 
0 3 11 15 25 
0 3 15 16 25 
0 4 15 16 25 
3 11 15 16 25 
9 11 15 16 25 
2 9 14 19 25 
0 4 15 19 25 
0 11 15 19 25 
9 11 15 19 25 
2 6 16 19 25 
2 9 16 19 25 
9 15 16 19 25 
2 6 19 20 25 
2 14 19 20 25 
6 16 19 20 25 
0 3 11 21 25 
2 9 14 21 25 
0 3 16 21 25 
2 6 16 21 25 
2 9 16 21 25 
3 11 16 21 25 
9 11 16 21 25 
9 11 19 21 25 
9 14 19 21 25 
2 6 20 21 25 
2 14 20 21 25 
6 16 20 21 25 
0 11 21 22 25 
0 16 21 22 25 
11 17 21 22 25 
0 3 4 6 27 
2 3 4 6 27 
0 2 4 16 27 
0 2 4 17 27 
0 4 6 17 27 
2 4 6 17 27 
4 15 16 19 27 
2 4 16 20 27 
2 4 19 20 27 
4 16 19 20 27 
0 3 4 21 27 
2 3 4 21 27 
0 3 6 21 27 
2 3 6 21 27 
0 6 17 21 27 
2 6 17 21 27 
2 9 17 21 27 
0 11 17 21 27 
0 4 19 21 27 
2 4 19 21 27 
2 9 19 21 27 
0 11 19 21 27 
0 2 16 22 27 
0 2 17 22 27 
2 9 17 22 27 
0 11 17 22 27 
2 9 19 22 27 
2 16 20 22 27 
2 19 20 22 27 
9 17 21 22 27 
9 19 21 22 27 
0 4 16 25 27 
4 15 16 25 27 
0 4 19 25 27 
0 11 19 25 27 
4 15 19 25 27 
11 17 21 25 27 
11 19 21 25 27 
0 11 22 25 27 
0 16 22 25 27 
11 17 22 25 27 
