5 174
0 1 10 14 15 
1 3 10 14 15 
2 3 10 14 15 
0 1 4 10 16 
2 6 10 16 17 
2 10 12 16 17 
2 3 15 16 17 
2 6 15 16 17 
2 3 6 10 18 
0 1 10 14 18 
1 3 10 14 18 
2 3 10 14 18 
2 6 10 15 18 
1 3 14 15 18 
2 3 14 15 18 
0 10 14 15 18 
2 10 14 15 18 
1 3 15 16 18 
0 1 10 17 18 
2 3 15 17 18 
2 6 15 17 18 
0 10 15 17 18 
6 10 15 17 18 
3 15 16 17 18 
2 3 10 12 21 
0 1 10 15 21 
1 3 10 15 21 
2 3 10 15 21 
2 6 10 15 21 
0 1 14 15 21 
0 1 4 16 21 
0 1 10 16 21 
1 3 10 16 21 
2 6 10 16 21 
2 3 12 16 21 
2 10 12 16 21 
3 10 12 16 21 
1 3 15 16 21 
2 3 15 16 21 
2 6 15 16 21 
0 10 15 17 21 
6 10 15 17 21 
6 15 16 17 21 
1 14 15 18 21 
1 8 16 18 21 
1 15 16 18 21 
0 1 7 12 22 
0 1 10 12 22 
0 1 4 17 22 
0 1 10 17 22 
1 10 12 17 22 
2 12 16 18 22 
8 12 16 18 22 
2 12 17 18 22 
8 12 17 18 22 
1 4 17 20 22 
1 12 17 20 22 
8 12 17 20 22 
8 17 18 20 22 
0 4 16 21 22 
1 4 16 21 22 
1 8 16 21 22 
0 10 16 21 22 
6 10 16 21 22 
0 4 17 21 22 
0 10 17 21 22 
6 10 17 21 22 
1 8 18 21 22 
8 16 18 21 22 
1 2 3 6 23 
1 2 6 10 23 
1 3 6 10 23 
1 2 3 12 23 
1 2 10 12 23 
0 1 4 17 23 
2 6 10 17 23 
1 10 12 17 23 
2 10 12 17 23 
2 3 6 18 23 
1 7 8 18 23 
1 3 10 18 23 
3 6 10 18 23 
1 3 12 18 23 
2 3 12 18 23 
1 7 12 18 23 
7 8 12 18 23 
0 1 14 18 23 
0 14 15 18 23 
0 1 17 18 23 
2 6 17 18 23 
1 10 17 18 23 
6 10 17 18 23 
2 12 17 18 23 
8 12 17 18 23 
0 15 17 18 23 
1 4 17 20 23 
1 12 17 20 23 
8 12 17 20 23 
8 17 18 20 23 
0 1 4 21 23 
0 1 14 21 23 
0 14 15 21 23 
0 4 17 21 23 
0 15 17 21 23 
1 14 18 21 23 
1 7 8 22 23 
1 7 12 22 23 
7 8 12 22 23 
1 8 18 22 23 
1 4 20 22 23 
1 12 20 22 23 
8 12 20 22 23 
4 17 20 22 23 
8 18 20 22 23 
1 4 21 22 23 
4 17 21 22 23 
1 18 21 22 23 
0 1 3 4 25 
0 1 3 8 25 
0 1 7 8 25 
0 3 4 10 25 
1 3 4 10 25 
0 3 8 12 25 
1 3 8 12 25 
0 7 8 12 25 
0 3 10 12 25 
1 3 10 16 25 
0 4 10 16 25 
1 4 10 16 25 
1 3 12 16 25 
1 8 12 16 25 
3 10 12 16 25 
6 10 16 17 25 
2 12 16 17 25 
10 12 16 17 25 
6 16 17 21 25 
0 1 4 22 25 
0 1 7 22 25 
1 7 8 22 25 
0 7 12 22 25 
7 8 12 22 25 
0 10 12 22 25 
0 4 16 22 25 
1 4 16 22 25 
1 8 16 22 25 
0 10 16 22 25 
6 10 16 22 25 
2 12 16 22 25 
8 12 16 22 25 
6 10 17 22 25 
2 12 17 22 25 
10 12 17 22 25 
2 16 17 22 25 
6 16 21 22 25 
6 17 21 22 25 
1 7 8 12 26 
1 3 12 16 26 
2 3 12 16 26 
1 8 12 16 26 
2 3 16 17 26 
1 7 8 18 26 
1 3 12 18 26 
2 3 12 18 26 
1 7 12 18 26 
7 8 12 18 26 
1 3 16 18 26 
1 8 16 18 26 
2 12 16 18 26 
8 12 16 18 26 
2 3 17 18 26 
3 16 17 18 26 
2 16 17 22 26 
2 16 18 22 26 
2 17 18 22 26 
