5 186
0 2 3 8 15 
0 2 6 8 15 
0 3 8 9 15 
0 7 8 9 15 
3 7 8 9 15 
0 7 9 15 16 
3 7 9 15 16 
0 1 2 11 18 
0 2 6 11 18 
1 2 8 11 18 
2 6 8 11 18 
0 1 3 16 18 
0 2 6 16 18 
1 4 8 16 18 
2 6 8 16 18 
0 3 9 16 18 
0 1 11 16 18 
0 6 11 16 18 
1 8 11 16 18 
6 8 11 16 18 
0 1 4 8 19 
0 1 3 7 20 
0 1 8 11 21 
0 6 8 11 21 
0 2 6 16 21 
1 4 8 16 21 
2 6 8 16 21 
0 6 11 16 21 
1 8 11 16 21 
6 8 11 16 21 
4 15 16 18 21 
0 1 7 19 21 
0 1 8 19 21 
0 4 8 19 21 
1 4 8 19 21 
0 1 7 20 21 
0 1 11 20 21 
0 2 16 20 21 
1 4 16 20 21 
0 11 16 20 21 
1 11 16 20 21 
2 8 16 21 22 
4 8 16 21 22 
4 16 18 21 22 
0 1 4 7 23 
0 4 7 8 23 
1 4 7 8 23 
0 1 4 15 23 
1 3 7 15 23 
0 4 8 15 23 
1 4 8 15 23 
0 7 8 15 23 
1 7 8 15 23 
0 1 2 3 24 
1 2 3 8 24 
1 3 7 8 24 
0 2 3 15 24 
0 2 6 15 24 
1 3 7 15 24 
2 3 8 15 24 
0 4 8 15 24 
1 4 8 15 24 
0 6 8 15 24 
2 6 8 15 24 
1 7 8 15 24 
3 7 8 15 24 
0 3 9 15 24 
1 3 15 16 24 
1 4 15 16 24 
0 9 15 16 24 
3 9 15 16 24 
0 11 15 16 24 
0 1 2 18 24 
0 1 3 18 24 
1 2 8 18 24 
1 4 8 18 24 
0 3 9 18 24 
1 3 16 18 24 
1 4 16 18 24 
3 9 16 18 24 
4 15 16 18 24 
0 2 16 20 24 
0 11 16 20 24 
0 2 6 21 24 
0 4 8 21 24 
0 6 8 21 24 
2 6 8 21 24 
4 15 18 21 24 
2 16 20 21 24 
0 2 18 22 24 
2 8 18 22 24 
4 8 18 22 24 
0 9 18 22 24 
2 8 21 22 24 
4 8 21 22 24 
2 16 21 22 24 
4 18 21 22 24 
0 1 4 15 25 
0 1 4 19 25 
0 1 7 19 25 
1 4 15 21 25 
0 2 19 21 25 
0 4 19 21 25 
1 4 19 21 25 
1 7 19 21 25 
0 1 7 23 25 
0 1 15 23 25 
1 3 15 23 25 
0 11 15 23 25 
0 4 15 24 25 
0 11 15 24 25 
0 2 21 24 25 
0 4 21 24 25 
4 15 21 24 25 
2 19 21 24 25 
11 15 23 24 25 
0 2 16 18 26 
2 8 16 18 26 
4 8 16 18 26 
0 9 16 18 26 
2 8 16 22 26 
4 8 16 22 26 
0 2 18 22 26 
2 8 18 22 26 
4 8 18 22 26 
0 9 18 22 26 
4 16 18 22 26 
0 2 16 24 26 
0 9 16 24 26 
9 16 18 24 26 
0 2 22 24 26 
0 9 22 24 26 
2 16 22 24 26 
9 18 22 24 26 
0 3 7 9 27 
0 1 3 16 27 
0 3 9 16 27 
0 7 9 16 27 
3 7 9 16 27 
0 1 11 16 27 
1 3 15 16 27 
1 4 15 16 27 
0 7 15 16 27 
3 7 15 16 27 
0 11 15 16 27 
0 1 3 20 27 
0 3 7 20 27 
1 3 7 20 27 
0 1 11 20 27 
1 4 16 20 27 
1 11 16 20 27 
1 4 15 21 27 
4 15 16 21 27 
0 2 19 21 27 
0 7 19 21 27 
0 2 20 21 27 
1 4 20 21 27 
0 7 20 21 27 
1 7 20 21 27 
4 16 20 21 27 
1 3 7 23 27 
0 7 15 23 27 
3 7 15 23 27 
0 11 15 23 27 
11 15 16 24 27 
0 2 20 24 27 
0 11 20 24 27 
11 16 20 24 27 
2 19 21 24 27 
2 20 21 24 27 
11 15 23 24 27 
1 3 15 25 27 
0 2 19 25 27 
0 7 19 25 27 
1 7 21 25 27 
1 15 21 25 27 
7 19 21 25 27 
1 3 23 25 27 
0 7 23 25 27 
1 7 23 25 27 
0 11 23 25 27 
3 15 23 25 27 
0 2 24 25 27 
0 11 24 25 27 
2 19 24 25 27 
11 23 24 25 27 
