5 168
0 1 4 5 14 
0 1 4 12 14 
1 4 5 12 14 
0 1 5 12 15 
0 4 10 13 15 
0 5 10 13 15 
0 4 12 13 15 
0 5 12 13 15 
4 5 12 13 15 
4 5 10 13 18 
2 5 10 15 18 
4 10 13 15 18 
5 10 13 15 18 
0 4 5 9 19 
2 4 5 10 20 
4 5 13 16 20 
2 4 10 18 20 
2 5 10 18 20 
4 5 10 18 20 
4 5 13 18 20 
0 5 16 18 20 
4 9 16 18 20 
4 13 16 18 20 
5 13 16 18 20 
0 4 5 14 21 
0 4 5 19 21 
4 5 14 19 21 
4 10 14 19 21 
5 13 14 19 21 
0 1 5 14 22 
2 4 5 14 22 
2 4 10 14 22 
0 1 12 14 22 
0 4 12 14 22 
1 5 12 14 22 
4 5 12 14 22 
0 1 5 16 22 
0 1 12 16 22 
1 5 12 16 22 
2 4 10 18 22 
0 4 9 19 22 
2 4 5 20 22 
0 5 16 20 22 
4 5 16 20 22 
4 9 16 20 22 
2 4 18 20 22 
0 5 18 20 22 
2 5 18 20 22 
4 9 18 20 22 
0 16 18 20 22 
0 4 14 21 22 
0 5 14 21 22 
4 10 14 21 22 
5 13 14 21 22 
0 5 18 21 22 
0 4 19 21 22 
4 10 19 21 22 
0 12 19 21 22 
10 14 19 21 22 
2 4 5 14 23 
2 4 10 14 23 
0 1 5 15 23 
0 4 9 15 23 
0 4 10 15 23 
0 5 10 15 23 
2 5 10 15 23 
0 1 12 15 23 
1 5 12 15 23 
0 1 5 16 23 
0 1 12 16 23 
1 5 12 16 23 
4 9 15 18 23 
2 10 15 18 23 
4 10 15 18 23 
4 5 9 19 23 
4 5 14 19 23 
4 10 14 19 23 
5 13 14 19 23 
5 13 18 21 23 
13 14 19 21 23 
2 5 14 22 23 
2 10 14 22 23 
5 13 14 22 23 
2 5 18 22 23 
4 9 18 22 23 
2 10 18 22 23 
4 10 18 22 23 
9 15 18 22 23 
0 9 19 22 23 
4 9 19 22 23 
4 10 19 22 23 
0 12 19 22 23 
10 14 19 22 23 
5 13 21 22 23 
13 14 21 22 23 
5 18 21 22 23 
0 4 9 15 25 
0 4 12 15 25 
4 5 12 15 25 
4 5 13 15 25 
4 5 13 16 25 
2 5 15 18 25 
4 9 15 18 25 
4 13 15 18 25 
5 13 15 18 25 
4 9 16 18 25 
4 13 16 18 25 
9 16 18 20 25 
0 4 9 22 25 
0 4 12 22 25 
4 5 12 22 25 
4 5 16 22 25 
4 9 16 22 25 
5 12 16 22 25 
9 15 18 22 25 
9 16 20 22 25 
9 18 20 22 25 
2 5 15 23 25 
0 9 15 23 25 
0 12 15 23 25 
5 12 15 23 25 
5 12 16 23 25 
5 13 16 23 25 
2 5 18 23 25 
5 13 18 23 25 
2 15 18 23 25 
13 16 18 23 25 
0 9 22 23 25 
0 12 22 23 25 
9 15 22 23 25 
12 16 22 23 25 
2 4 5 9 27 
0 4 9 10 27 
2 4 9 10 27 
0 5 9 10 27 
2 5 9 10 27 
0 5 16 18 27 
5 13 16 18 27 
0 5 9 19 27 
0 5 18 21 27 
5 13 18 21 27 
0 5 19 21 27 
0 12 19 21 27 
5 13 19 21 27 
0 12 16 22 27 
0 16 18 22 27 
0 12 21 22 27 
0 18 21 22 27 
12 19 21 22 27 
2 4 5 23 27 
0 4 9 23 27 
4 5 9 23 27 
0 4 10 23 27 
2 4 10 23 27 
0 5 10 23 27 
2 5 10 23 27 
0 5 16 23 27 
0 12 16 23 27 
5 13 16 23 27 
13 16 18 23 27 
0 9 19 23 27 
5 9 19 23 27 
0 12 19 23 27 
5 13 19 23 27 
13 18 21 23 27 
13 19 21 23 27 
12 16 22 23 27 
12 19 22 23 27 
