5 198
1 3 6 10 15 
1 6 11 15 16 
0 2 5 8 17 
0 2 8 11 17 
2 5 8 11 17 
1 3 10 15 17 
1 6 10 15 17 
3 6 10 15 17 
1 6 11 15 17 
2 6 11 16 17 
2 4 15 16 17 
2 6 15 16 17 
0 1 2 10 18 
1 2 4 10 18 
2 4 10 16 18 
1 3 10 17 19 
3 10 16 17 19 
1 2 4 6 20 
1 3 4 6 20 
1 3 4 10 20 
2 4 6 10 20 
3 4 6 10 20 
0 1 5 6 21 
0 2 5 6 21 
0 1 6 10 21 
0 2 6 10 21 
1 5 6 11 21 
2 5 6 11 21 
2 4 10 16 21 
0 1 5 17 21 
0 2 5 17 21 
0 1 10 17 21 
0 2 10 17 21 
1 6 10 17 21 
3 6 10 17 21 
1 5 11 17 21 
2 5 11 17 21 
1 6 11 17 21 
2 6 11 17 21 
2 4 16 17 21 
2 10 16 17 21 
3 10 16 17 21 
4 15 16 17 21 
1 2 6 11 22 
1 3 6 15 22 
1 6 11 16 22 
2 6 11 16 22 
2 4 15 16 22 
1 6 15 16 22 
2 6 15 16 22 
1 11 15 16 22 
8 11 15 16 22 
1 3 15 17 22 
2 4 15 17 22 
2 6 15 17 22 
3 6 15 17 22 
1 11 15 17 22 
1 2 4 18 22 
0 1 10 18 22 
1 4 10 18 22 
2 4 16 18 22 
3 10 16 18 22 
4 10 16 18 22 
2 11 16 18 22 
8 11 16 18 22 
1 3 17 19 22 
3 16 17 19 22 
3 16 18 19 22 
1 2 4 20 22 
1 2 6 20 22 
1 3 6 20 22 
0 1 10 20 22 
1 4 10 20 22 
2 4 10 20 22 
2 6 10 20 22 
3 6 10 20 22 
8 11 15 20 22 
11 15 17 20 22 
2 4 10 21 22 
2 6 10 21 22 
3 6 10 21 22 
3 10 16 21 22 
4 10 16 21 22 
4 15 16 21 22 
2 4 17 21 22 
2 6 17 21 22 
3 6 17 21 22 
4 15 17 21 22 
3 16 17 21 22 
1 5 11 17 23 
5 8 11 17 23 
6 11 15 17 23 
1 5 11 20 23 
5 8 11 20 23 
8 11 15 20 23 
1 11 17 20 23 
11 15 17 20 23 
0 1 2 11 24 
0 1 5 11 24 
6 11 15 16 24 
8 11 15 16 24 
0 1 5 17 24 
0 1 10 17 24 
0 2 10 17 24 
0 2 11 17 24 
2 10 16 17 24 
2 11 16 17 24 
6 11 16 17 24 
6 15 16 17 24 
0 1 2 18 24 
0 2 10 18 24 
2 10 16 18 24 
3 10 16 18 24 
2 11 16 18 24 
8 11 16 18 24 
3 10 16 19 24 
10 16 17 19 24 
3 16 18 19 24 
1 5 11 20 24 
5 8 11 20 24 
1 2 11 22 24 
8 15 16 22 24 
0 1 18 22 24 
1 2 18 22 24 
0 10 18 22 24 
3 10 18 22 24 
2 11 18 22 24 
8 11 18 22 24 
8 16 18 22 24 
3 18 19 22 24 
0 1 20 22 24 
1 11 20 22 24 
8 11 20 22 24 
8 15 20 22 24 
6 11 15 23 24 
8 11 15 23 24 
6 15 17 23 24 
1 5 19 23 24 
5 8 19 23 24 
6 11 19 23 24 
8 11 19 23 24 
0 1 20 23 24 
1 5 20 23 24 
5 8 20 23 24 
8 15 20 23 24 
1 3 10 19 25 
0 1 10 20 25 
1 3 10 20 25 
1 11 17 20 25 
1 11 17 22 25 
1 3 19 22 25 
1 17 19 22 25 
1 3 20 22 25 
0 10 20 22 25 
3 10 20 22 25 
1 11 20 22 25 
11 17 20 22 25 
1 17 19 23 25 
0 1 20 23 25 
1 17 20 23 25 
0 1 10 24 25 
1 10 19 24 25 
3 10 19 24 25 
0 10 22 24 25 
3 10 22 24 25 
3 19 22 24 25 
0 20 22 24 25 
0 1 23 24 25 
1 19 23 24 25 
0 20 23 24 25 
0 5 8 11 27 
0 5 8 17 27 
0 8 11 17 27 
1 10 17 19 27 
1 5 17 23 27 
5 8 17 23 27 
6 11 17 23 27 
8 11 17 23 27 
1 5 19 23 27 
5 8 19 23 27 
6 11 19 23 27 
8 11 19 23 27 
1 17 19 23 27 
0 5 11 24 27 
5 8 11 24 27 
0 5 17 24 27 
1 5 17 24 27 
1 10 17 24 27 
0 11 17 24 27 
6 11 17 24 27 
1 5 19 24 27 
5 8 19 24 27 
1 10 19 24 27 
6 11 19 24 27 
8 11 19 24 27 
10 17 19 24 27 
6 17 23 24 27 
6 19 23 24 27 
