5 174
0 2 3 4 14 
0 5 8 11 15 
1 2 4 10 17 
2 4 8 10 17 
0 2 8 14 17 
2 4 8 14 17 
4 8 10 14 17 
0 8 11 14 17 
0 5 8 15 18 
0 1 10 15 18 
0 8 10 15 18 
0 5 11 15 18 
5 8 11 15 18 
1 4 14 15 18 
0 4 5 8 19 
0 1 3 14 19 
0 3 4 14 19 
1 3 12 14 19 
1 4 12 14 19 
3 4 12 14 19 
1 4 10 15 19 
0 5 8 18 19 
0 5 11 18 19 
5 8 11 18 19 
0 1 14 18 19 
0 11 14 18 19 
1 10 15 18 19 
1 14 15 18 19 
0 1 14 18 22 
1 4 14 18 22 
0 11 14 18 22 
0 1 3 10 23 
0 3 4 10 23 
0 4 8 10 23 
1 3 10 12 23 
1 4 10 12 23 
3 4 10 12 23 
0 1 10 18 23 
0 8 10 18 23 
2 8 10 18 23 
0 1 3 19 23 
0 3 4 19 23 
0 4 8 19 23 
1 4 10 19 23 
2 8 10 19 23 
4 8 10 19 23 
1 3 12 19 23 
1 4 12 19 23 
3 4 12 19 23 
8 11 14 19 23 
0 1 18 19 23 
0 8 18 19 23 
1 10 18 19 23 
2 10 18 19 23 
8 11 18 19 23 
11 14 18 19 23 
0 1 2 3 24 
0 1 2 10 24 
0 2 8 10 24 
0 1 3 14 24 
0 2 3 14 24 
1 2 3 14 24 
1 2 10 14 24 
4 14 15 18 24 
0 1 14 22 24 
1 4 14 22 24 
0 11 14 22 24 
4 14 18 22 24 
1 2 3 4 25 
1 3 4 12 25 
1 2 3 14 25 
2 3 4 14 25 
1 2 10 14 25 
1 4 10 14 25 
1 3 12 14 25 
1 4 12 14 25 
3 4 12 14 25 
1 2 4 17 25 
1 2 10 17 25 
1 4 10 17 25 
2 8 10 17 25 
0 2 14 17 25 
2 4 14 17 25 
4 10 14 17 25 
8 10 14 17 25 
8 11 14 17 25 
11 14 17 18 25 
2 8 10 19 25 
8 10 14 19 25 
2 10 18 19 25 
10 15 18 19 25 
8 11 14 23 25 
2 8 18 23 25 
8 11 18 23 25 
11 14 18 23 25 
2 8 19 23 25 
8 14 19 23 25 
2 18 19 23 25 
1 4 10 14 26 
0 1 10 15 26 
1 4 10 15 26 
0 8 10 15 26 
0 8 11 15 26 
4 10 14 15 26 
0 2 8 17 26 
0 8 11 17 26 
0 11 14 17 26 
2 8 10 18 26 
0 1 15 18 26 
1 4 15 18 26 
8 10 15 18 26 
0 11 15 18 26 
8 11 15 18 26 
11 14 17 18 26 
0 1 18 22 26 
1 4 18 22 26 
0 11 18 22 26 
11 14 18 22 26 
0 2 8 24 26 
0 1 10 24 26 
0 8 10 24 26 
2 8 10 24 26 
0 2 14 24 26 
1 4 14 24 26 
1 10 14 24 26 
2 10 14 24 26 
0 11 14 24 26 
4 14 15 24 26 
4 15 18 24 26 
0 1 22 24 26 
1 4 22 24 26 
0 11 22 24 26 
11 14 22 24 26 
4 18 22 24 26 
0 2 14 25 26 
2 10 14 25 26 
10 14 15 25 26 
0 2 17 25 26 
2 8 17 25 26 
8 11 17 25 26 
0 14 17 25 26 
2 8 18 25 26 
2 10 18 25 26 
8 11 18 25 26 
10 15 18 25 26 
11 17 18 25 26 
0 2 4 11 27 
0 4 5 11 27 
0 2 8 11 27 
2 4 8 11 27 
4 5 8 11 27 
0 2 4 14 27 
0 2 8 14 27 
2 4 8 14 27 
4 8 10 14 27 
0 8 11 14 27 
1 4 14 15 27 
4 10 14 15 27 
0 4 5 19 27 
4 5 8 19 27 
4 8 10 19 27 
0 5 11 19 27 
5 8 11 19 27 
0 4 14 19 27 
1 4 14 19 27 
8 10 14 19 27 
0 11 14 19 27 
8 11 14 19 27 
1 4 15 19 27 
4 10 15 19 27 
1 14 15 19 27 
10 14 15 25 27 
10 14 19 25 27 
10 15 19 25 27 
