5 127
1 3 5 11 15 
1 3 5 13 15 
1 2 11 13 15 
1 5 11 13 15 
2 4 11 15 18 
1 2 11 15 19 
1 3 11 15 19 
2 4 11 15 19 
3 5 11 15 19 
1 2 13 15 19 
1 3 13 15 19 
3 5 13 15 19 
5 11 13 15 19 
3 4 11 18 19 
3 5 11 18 19 
5 11 13 18 19 
1 2 8 13 20 
1 3 8 13 20 
2 3 8 13 20 
2 3 4 18 20 
1 2 8 18 20 
1 3 8 18 20 
1 2 13 18 20 
1 3 13 18 20 
2 3 13 18 20 
3 4 18 19 20 
3 5 18 19 20 
4 15 18 19 20 
1 2 3 8 21 
3 5 13 18 21 
1 3 13 19 21 
3 5 13 19 21 
5 13 18 19 21 
5 18 19 20 21 
2 11 13 15 22 
2 8 15 18 22 
2 11 15 18 22 
4 11 15 18 22 
1 2 13 19 22 
2 8 15 19 22 
4 11 15 19 22 
2 13 15 19 22 
11 13 15 19 22 
4 11 18 19 22 
1 13 18 19 22 
11 13 18 19 22 
4 15 18 19 22 
1 3 8 18 24 
1 3 13 18 24 
2 4 15 18 24 
2 8 15 18 24 
2 3 4 19 24 
2 4 15 19 24 
2 8 15 19 24 
1 13 18 19 24 
2 3 4 20 24 
2 3 8 20 24 
2 4 18 20 24 
3 5 18 20 24 
2 8 18 20 24 
3 8 18 20 24 
4 15 18 20 24 
3 4 19 20 24 
3 5 19 20 24 
4 15 19 20 24 
1 2 8 21 24 
1 3 8 21 24 
2 3 8 21 24 
1 3 13 21 24 
3 5 18 21 24 
3 13 18 21 24 
13 18 19 21 24 
5 18 20 21 24 
8 15 18 22 24 
8 15 19 22 24 
1 2 3 4 25 
1 2 4 11 25 
1 3 4 11 25 
2 3 4 19 25 
1 2 11 19 25 
1 3 11 19 25 
2 4 11 19 25 
3 4 11 19 25 
1 2 3 21 25 
1 3 19 21 25 
3 5 19 21 25 
1 13 19 21 25 
5 19 20 21 25 
1 2 19 24 25 
2 3 19 24 25 
3 5 19 24 25 
1 13 19 24 25 
5 19 20 24 25 
1 2 21 24 25 
2 3 21 24 25 
3 5 21 24 25 
1 13 21 24 25 
13 19 21 24 25 
5 20 21 24 25 
2 3 4 11 26 
2 3 11 13 26 
3 5 11 13 26 
2 3 4 18 26 
1 2 8 18 26 
2 4 11 18 26 
3 4 11 18 26 
3 5 11 18 26 
1 2 13 18 26 
2 3 13 18 26 
3 5 13 18 26 
5 11 13 18 26 
1 2 13 22 26 
2 11 13 22 26 
2 8 18 22 26 
2 11 18 22 26 
1 13 18 22 26 
11 13 18 22 26 
1 2 19 22 26 
2 8 19 22 26 
1 18 19 22 26 
1 2 8 24 26 
1 8 18 24 26 
1 2 19 24 26 
2 8 19 24 26 
1 18 19 24 26 
8 18 22 24 26 
8 19 22 24 26 
