5 196
2 3 4 11 14 
2 3 9 11 14 
2 4 10 11 14 
2 3 4 12 14 
3 9 11 13 14 
2 5 9 10 16 
2 5 10 11 16 
5 9 10 11 16 
1 2 4 6 17 
1 2 4 9 17 
1 2 6 10 17 
1 2 9 10 17 
1 4 9 10 17 
2 5 9 11 17 
5 9 11 15 17 
9 11 13 15 17 
2 4 6 10 18 
2 4 10 14 18 
2 10 11 14 18 
4 10 11 14 18 
1 4 6 10 20 
3 4 9 10 20 
3 4 10 11 20 
3 4 9 12 20 
3 9 10 13 20 
3 10 11 13 20 
9 10 11 13 20 
1 4 10 15 20 
4 9 10 15 20 
3 4 11 15 20 
9 10 11 15 20 
3 4 12 15 20 
3 9 12 15 20 
4 9 12 15 20 
3 9 13 15 20 
3 11 13 15 20 
9 11 13 15 20 
1 4 6 18 20 
1 6 10 18 20 
4 6 10 18 20 
2 10 11 18 20 
4 10 11 18 20 
1 4 15 18 20 
1 10 15 18 20 
2 10 15 18 20 
4 11 15 18 20 
5 11 15 18 20 
2 9 10 16 21 
4 9 10 16 21 
3 4 11 15 22 
1 4 14 18 22 
4 11 14 18 22 
5 11 14 18 22 
1 4 15 18 22 
4 11 15 18 22 
5 11 15 18 22 
2 3 9 12 23 
2 4 9 12 23 
2 3 9 14 23 
3 4 11 14 23 
2 9 11 14 23 
2 3 12 14 23 
2 4 12 14 23 
3 4 12 14 23 
3 9 13 14 23 
3 11 13 14 23 
9 11 13 14 23 
3 4 12 15 23 
3 9 12 15 23 
4 9 12 15 23 
3 9 13 15 23 
3 11 13 15 23 
2 4 9 17 23 
2 9 11 17 23 
9 11 13 17 23 
3 4 15 17 23 
4 9 15 17 23 
9 13 15 17 23 
1 4 14 18 23 
2 4 14 18 23 
2 11 14 18 23 
5 11 14 18 23 
3 4 11 22 23 
3 11 15 22 23 
5 11 15 22 23 
5 14 18 22 23 
5 15 18 22 23 
1 4 10 15 25 
4 9 10 15 25 
5 9 11 15 25 
9 10 11 15 25 
2 5 9 16 25 
1 4 10 16 25 
4 9 10 16 25 
2 5 11 16 25 
5 9 11 16 25 
2 10 11 16 25 
9 10 11 16 25 
2 5 11 18 25 
1 10 15 18 25 
2 10 15 18 25 
2 10 11 20 25 
2 10 15 20 25 
5 11 15 20 25 
10 11 15 20 25 
2 11 18 20 25 
5 11 18 20 25 
2 15 18 20 25 
2 9 16 21 25 
4 9 16 21 25 
1 10 16 21 25 
2 10 16 21 25 
1 16 18 21 25 
1 4 14 22 25 
1 4 15 22 25 
3 4 15 22 25 
1 14 18 22 25 
1 15 18 22 25 
1 4 16 23 25 
3 15 17 23 25 
1 14 18 23 25 
1 16 18 23 25 
3 4 22 23 25 
3 15 22 23 25 
4 11 14 22 26 
5 11 14 22 26 
1 4 14 23 26 
4 11 14 23 26 
5 11 14 23 26 
4 11 22 23 26 
5 11 22 23 26 
5 14 22 23 26 
1 4 14 25 26 
4 14 22 25 26 
1 4 23 25 26 
1 14 23 25 26 
4 22 23 25 26 
1 4 10 16 27 
1 4 6 17 27 
2 4 6 17 27 
2 5 9 17 27 
1 4 10 17 27 
1 6 10 17 27 
2 6 10 17 27 
2 9 10 17 27 
4 9 10 17 27 
2 5 11 17 27 
3 4 15 17 27 
4 9 15 17 27 
5 9 15 17 27 
5 11 15 17 27 
11 13 15 17 27 
1 4 6 18 27 
2 4 6 18 27 
1 6 10 18 27 
2 6 10 18 27 
2 5 11 18 27 
5 15 18 20 27 
2 9 10 21 27 
4 9 10 21 27 
1 10 16 21 27 
4 10 16 21 27 
1 16 18 21 27 
5 11 15 23 27 
11 13 15 23 27 
1 4 16 23 27 
2 4 17 23 27 
3 4 17 23 27 
2 11 17 23 27 
11 13 17 23 27 
13 15 17 23 27 
1 4 18 23 27 
2 4 18 23 27 
2 11 18 23 27 
5 11 18 23 27 
5 15 18 23 27 
1 16 18 23 27 
2 5 9 25 27 
3 4 15 25 27 
4 9 15 25 27 
5 9 15 25 27 
3 15 17 25 27 
2 5 18 25 27 
1 10 18 25 27 
2 10 18 25 27 
5 15 20 25 27 
5 18 20 25 27 
2 9 21 25 27 
4 9 21 25 27 
1 10 21 25 27 
2 10 21 25 27 
4 16 21 25 27 
1 18 21 25 27 
3 4 23 25 27 
4 16 23 25 27 
3 17 23 25 27 
