5 119
1 2 5 6 15 
1 2 6 8 15 
1 5 6 8 15 
2 5 6 9 15 
5 6 8 9 15 
1 2 3 5 18 
2 3 5 11 18 
6 8 9 15 19 
1 2 3 8 20 
1 3 5 8 20 
2 3 8 11 20 
2 5 8 11 20 
3 5 8 11 20 
2 3 11 18 20 
3 5 11 18 20 
2 5 8 19 20 
2 6 8 19 20 
5 8 9 19 20 
2 5 19 20 21 
2 6 19 20 21 
5 9 19 20 21 
1 2 3 15 22 
1 2 5 15 22 
1 3 5 15 22 
2 5 11 15 22 
1 2 3 18 22 
1 2 5 18 22 
1 3 5 18 22 
2 5 11 18 22 
2 5 8 9 23 
2 6 8 9 23 
2 5 9 15 23 
2 6 9 15 23 
2 5 11 15 23 
2 5 8 19 23 
2 6 8 19 23 
5 8 9 19 23 
6 8 9 19 23 
2 5 11 19 23 
3 5 15 19 23 
2 6 15 19 23 
5 9 15 19 23 
6 9 15 19 23 
2 11 15 19 23 
3 5 15 22 23 
5 11 15 22 23 
11 15 19 22 23 
2 5 11 19 24 
2 5 11 20 24 
2 6 18 20 24 
5 9 18 20 24 
2 11 18 20 24 
5 11 18 20 24 
2 5 19 21 24 
2 6 19 21 24 
2 5 20 21 24 
2 6 20 21 24 
5 9 20 21 24 
6 19 20 21 24 
2 6 18 22 24 
5 9 18 22 24 
2 11 18 22 24 
5 11 18 22 24 
2 6 19 22 24 
2 11 19 22 24 
6 18 20 22 24 
6 19 20 22 24 
5 11 19 23 24 
5 11 22 23 24 
11 19 22 23 24 
1 2 3 15 26 
1 3 5 15 26 
1 2 8 15 26 
1 5 8 15 26 
2 6 8 15 26 
5 8 9 15 26 
3 5 15 19 26 
2 6 15 19 26 
6 8 15 19 26 
5 9 15 19 26 
8 9 15 19 26 
2 11 15 19 26 
1 2 3 20 26 
1 3 5 20 26 
1 2 8 20 26 
1 5 8 20 26 
2 6 8 20 26 
5 8 9 20 26 
2 3 18 20 26 
3 5 18 20 26 
2 6 18 20 26 
5 9 18 20 26 
6 8 19 20 26 
8 9 19 20 26 
5 9 19 21 26 
9 19 20 21 26 
2 3 15 22 26 
2 11 15 22 26 
2 3 18 22 26 
3 5 18 22 26 
2 6 18 22 26 
5 9 18 22 26 
2 6 19 22 26 
2 11 19 22 26 
11 15 19 22 26 
6 18 20 22 26 
6 19 20 22 26 
3 5 19 23 26 
3 15 19 23 26 
3 5 22 23 26 
3 15 22 23 26 
9 18 20 24 26 
5 9 21 24 26 
5 19 21 24 26 
9 20 21 24 26 
5 9 22 24 26 
9 18 22 24 26 
5 19 23 24 26 
5 22 23 24 26 
