5 169
0 3 4 5 16 
0 4 5 10 16 
0 3 4 12 16 
3 4 12 13 16 
0 3 5 15 16 
3 4 5 15 16 
0 5 10 15 16 
4 5 10 15 16 
0 5 10 15 18 
0 7 15 16 18 
0 10 15 16 18 
8 10 15 16 18 
0 7 10 12 19 
4 7 10 12 19 
0 8 10 12 19 
4 7 12 13 19 
3 4 7 13 20 
0 4 10 16 20 
0 3 12 16 20 
0 4 12 16 20 
3 4 13 16 20 
3 12 13 16 20 
4 12 13 16 20 
0 3 15 16 20 
3 4 15 16 20 
0 7 15 16 20 
4 10 15 16 20 
8 10 15 16 20 
0 8 10 18 20 
0 7 16 18 20 
0 10 16 18 20 
8 10 16 18 20 
8 15 16 18 20 
3 4 5 15 21 
4 5 10 15 21 
5 10 15 18 21 
8 10 15 18 21 
5 15 18 19 21 
0 4 10 20 21 
0 8 10 20 21 
4 10 15 20 21 
8 10 15 20 21 
4 12 15 20 21 
4 12 18 20 21 
0 3 5 10 22 
3 4 5 10 22 
0 3 7 10 22 
3 4 7 10 22 
0 5 10 18 22 
0 8 10 18 22 
0 8 18 21 22 
0 12 18 21 22 
12 18 20 21 22 
0 3 7 12 24 
3 7 12 13 24 
0 7 12 18 24 
0 3 7 20 24 
0 3 12 20 24 
0 4 12 20 24 
3 7 13 20 24 
3 12 13 20 24 
7 12 13 20 24 
0 7 18 20 24 
0 8 18 20 24 
4 12 18 20 24 
7 12 18 20 24 
8 15 18 20 24 
0 4 12 21 24 
0 8 18 21 24 
0 12 18 21 24 
4 12 18 21 24 
8 15 18 21 24 
0 4 20 21 24 
0 8 20 21 24 
8 15 20 21 24 
4 18 20 21 24 
0 8 10 19 25 
0 4 19 21 25 
0 8 19 21 25 
5 10 19 21 25 
8 10 19 21 25 
5 18 19 21 25 
0 3 5 15 26 
0 7 12 18 26 
0 5 15 18 26 
0 7 15 18 26 
7 15 16 18 26 
3 4 5 19 26 
4 5 10 19 26 
0 7 10 19 26 
4 7 10 19 26 
0 4 12 19 26 
0 7 12 19 26 
4 7 13 19 26 
4 12 13 19 26 
7 12 13 19 26 
5 15 18 19 26 
0 3 7 20 26 
3 4 7 20 26 
4 7 13 20 26 
4 12 13 20 26 
7 12 13 20 26 
0 3 15 20 26 
3 4 15 20 26 
0 7 15 20 26 
4 12 15 20 26 
7 15 16 20 26 
7 12 18 20 26 
7 16 18 20 26 
0 4 12 21 26 
3 4 15 21 26 
4 12 15 21 26 
5 10 18 21 26 
8 10 18 21 26 
3 4 19 21 26 
12 15 20 21 26 
0 3 5 22 26 
3 4 5 22 26 
0 3 7 22 26 
3 4 7 22 26 
4 5 10 22 26 
0 7 10 22 26 
4 7 10 22 26 
0 8 10 22 26 
0 5 18 22 26 
5 10 18 22 26 
8 10 18 22 26 
0 12 18 22 26 
12 18 20 22 26 
0 8 21 22 26 
0 12 21 22 26 
8 18 21 22 26 
12 20 21 22 26 
0 8 10 25 26 
0 4 19 25 26 
0 10 19 25 26 
5 10 19 25 26 
5 18 19 25 26 
0 4 21 25 26 
0 8 21 25 26 
5 10 21 25 26 
8 10 21 25 26 
5 18 21 25 26 
4 19 21 25 26 
0 4 8 10 27 
0 4 8 12 27 
4 8 10 12 27 
3 4 5 19 27 
4 5 10 19 27 
0 4 12 19 27 
0 8 12 19 27 
4 10 12 19 27 
8 10 12 19 27 
3 4 5 21 27 
0 4 10 21 27 
4 5 10 21 27 
0 8 10 21 27 
3 5 15 21 27 
0 4 19 21 27 
3 4 19 21 27 
0 8 19 21 27 
5 10 19 21 27 
8 10 19 21 27 
5 15 19 21 27 
3 5 15 26 27 
3 5 19 26 27 
5 15 19 26 27 
3 15 21 26 27 
3 19 21 26 27 
