5 183
0 3 6 8 14 
1 3 6 8 14 
0 1 6 13 14 
0 3 6 13 14 
1 3 6 13 14 
2 6 8 9 18 
6 7 8 9 18 
1 3 5 11 18 
1 3 7 11 18 
3 5 7 11 18 
1 2 6 8 21 
1 5 7 8 21 
3 5 7 8 21 
1 2 6 9 21 
1 6 7 9 21 
1 2 8 9 21 
1 7 8 9 21 
1 5 7 11 21 
1 3 7 18 22 
3 5 7 18 22 
1 6 7 18 22 
2 6 8 18 22 
6 7 8 18 22 
1 3 13 18 22 
0 1 6 14 23 
0 1 6 22 23 
0 3 8 21 24 
0 6 8 21 24 
2 6 8 21 24 
3 7 8 21 24 
2 6 9 21 24 
6 7 9 21 24 
2 8 9 21 24 
7 8 9 21 24 
0 6 19 21 24 
3 7 19 21 24 
6 7 19 21 24 
3 13 19 21 24 
0 3 8 22 24 
0 6 8 22 24 
2 6 8 22 24 
3 5 15 22 24 
2 8 15 22 24 
3 8 15 22 24 
0 6 19 22 24 
0 3 21 22 24 
0 19 21 22 24 
2 6 22 23 24 
2 15 22 23 24 
1 3 5 8 25 
1 6 7 14 25 
0 3 8 14 25 
1 3 8 14 25 
0 6 8 14 25 
1 6 8 14 25 
1 7 11 14 25 
0 1 13 14 25 
0 3 13 14 25 
1 3 13 14 25 
3 5 7 21 25 
1 6 7 21 25 
0 3 8 21 25 
1 5 8 21 25 
3 5 8 21 25 
0 6 8 21 25 
1 6 8 21 25 
1 5 11 21 25 
1 7 11 21 25 
5 7 11 21 25 
0 6 19 21 25 
3 7 19 21 25 
6 7 19 21 25 
3 13 19 21 25 
0 1 13 22 25 
0 3 13 22 25 
1 13 18 22 25 
0 6 19 22 25 
0 3 21 22 25 
3 13 21 22 25 
13 18 21 22 25 
0 19 21 22 25 
0 1 14 23 25 
0 6 14 23 25 
6 7 14 23 25 
1 11 14 23 25 
0 1 22 23 25 
0 6 22 23 25 
3 7 19 24 25 
6 7 19 24 25 
3 13 19 24 25 
13 19 21 24 25 
6 19 22 24 25 
6 7 23 24 25 
7 14 23 24 25 
6 22 23 24 25 
1 6 7 14 26 
1 7 11 14 26 
1 3 5 18 26 
1 6 7 18 26 
2 6 9 18 26 
6 7 9 18 26 
2 8 9 18 26 
7 8 9 18 26 
1 5 11 18 26 
1 7 11 18 26 
5 7 11 18 26 
1 3 13 18 26 
3 5 18 22 26 
1 6 18 22 26 
2 6 18 22 26 
5 7 18 22 26 
2 8 18 22 26 
7 8 18 22 26 
3 13 18 22 26 
3 13 21 22 26 
13 18 21 22 26 
1 6 14 23 26 
6 7 14 23 26 
1 11 14 23 26 
1 6 22 23 26 
2 6 22 23 26 
3 5 7 24 26 
2 6 9 24 26 
6 7 9 24 26 
2 8 9 24 26 
7 8 9 24 26 
3 13 21 24 26 
3 5 22 24 26 
3 21 22 24 26 
2 6 23 24 26 
6 7 23 24 26 
7 14 23 24 26 
1 3 5 25 26 
3 5 7 25 26 
1 5 11 25 26 
5 7 11 25 26 
1 3 13 25 26 
7 11 14 25 26 
1 13 18 25 26 
13 18 21 25 26 
1 18 22 25 26 
1 11 23 25 26 
11 14 23 25 26 
1 22 23 25 26 
3 7 24 25 26 
3 13 24 25 26 
7 14 24 25 26 
13 21 24 25 26 
0 1 3 7 27 
0 1 6 7 27 
0 3 7 8 27 
0 6 7 8 27 
0 1 3 13 27 
0 1 6 22 27 
1 3 7 22 27 
3 5 7 22 27 
1 6 7 22 27 
0 3 8 22 27 
0 6 8 22 27 
6 7 8 22 27 
0 1 13 22 27 
0 3 13 22 27 
1 3 13 22 27 
3 5 15 22 27 
2 8 15 22 27 
3 8 15 22 27 
2 15 22 23 27 
3 5 7 24 27 
3 7 8 24 27 
3 5 15 24 27 
2 8 15 24 27 
3 8 15 24 27 
5 15 22 24 27 
2 15 23 24 27 
5 7 22 26 27 
2 8 22 26 27 
7 8 22 26 27 
2 22 23 26 27 
5 7 24 26 27 
2 8 24 26 27 
7 8 24 26 27 
5 22 24 26 27 
2 23 24 26 27 
