5 156
1 4 7 11 14 
0 2 4 7 17 
4 5 6 7 17 
4 6 7 9 17 
5 6 7 9 17 
2 4 7 15 17 
4 7 9 15 17 
0 2 5 8 19 
0 5 7 8 19 
2 5 7 8 19 
0 2 4 15 19 
0 2 7 8 20 
0 4 7 14 20 
1 4 11 14 20 
1 7 11 14 20 
4 7 11 14 20 
0 7 14 16 20 
7 9 14 16 20 
0 4 7 19 20 
0 2 8 19 20 
0 7 8 19 20 
1 4 11 19 20 
1 7 11 19 20 
4 7 11 19 20 
1 15 17 19 20 
1 4 5 7 21 
0 4 7 14 21 
1 4 7 14 21 
0 7 14 16 21 
5 7 9 19 21 
1 7 15 19 21 
7 9 15 19 21 
0 4 14 20 21 
1 4 14 20 21 
1 7 14 20 21 
7 9 14 20 21 
1 7 15 20 21 
7 9 15 20 21 
9 14 15 20 21 
0 4 16 20 21 
0 14 16 20 21 
1 4 19 20 21 
1 15 19 20 21 
0 1 4 5 23 
0 2 4 5 23 
0 1 5 7 23 
0 1 4 11 23 
0 1 7 11 23 
0 4 7 11 23 
0 2 4 19 23 
0 2 5 19 23 
2 4 5 19 23 
4 5 6 19 23 
0 4 7 19 23 
0 5 7 19 23 
5 6 9 19 23 
1 4 11 19 23 
1 7 11 19 23 
4 7 11 19 23 
1 4 5 21 23 
4 5 6 21 23 
1 5 7 21 23 
5 6 9 21 23 
1 4 19 21 23 
4 6 19 21 23 
1 7 19 21 23 
5 7 19 21 23 
5 9 19 21 23 
9 15 19 21 23 
0 2 4 15 24 
7 9 14 16 24 
0 2 4 17 24 
4 5 6 17 24 
0 2 7 17 24 
0 4 7 17 24 
4 5 7 17 24 
2 7 8 17 24 
4 6 9 17 24 
5 6 9 17 24 
5 7 9 17 24 
2 4 15 17 24 
1 7 15 17 24 
2 8 15 17 24 
4 9 15 17 24 
7 9 15 17 24 
4 6 9 19 24 
0 4 15 19 24 
4 9 15 19 24 
0 2 7 20 24 
2 7 8 20 24 
1 7 15 20 24 
7 9 15 20 24 
9 14 15 20 24 
0 4 16 20 24 
0 7 16 20 24 
7 9 16 20 24 
9 14 16 20 24 
1 15 17 20 24 
0 2 19 20 24 
0 4 19 20 24 
1 7 19 20 24 
2 8 19 20 24 
7 8 19 20 24 
1 17 19 20 24 
4 5 6 21 24 
0 4 7 21 24 
4 5 7 21 24 
5 6 9 21 24 
5 7 9 21 24 
7 9 14 21 24 
9 14 15 21 24 
0 4 16 21 24 
0 7 16 21 24 
7 14 16 21 24 
4 6 19 21 24 
4 16 20 21 24 
4 19 20 21 24 
6 9 19 23 24 
9 15 19 23 24 
6 9 21 23 24 
9 15 21 23 24 
6 19 21 23 24 
2 4 5 9 27 
4 5 6 9 27 
2 4 7 9 27 
2 5 7 9 27 
2 4 7 15 27 
4 7 9 15 27 
2 7 8 17 27 
1 7 15 17 27 
2 7 15 17 27 
2 8 15 17 27 
2 4 5 19 27 
4 5 6 19 27 
2 5 7 19 27 
2 7 8 19 27 
4 6 9 19 27 
5 6 9 19 27 
5 7 9 19 27 
0 2 15 19 27 
2 4 15 19 27 
1 7 15 19 27 
4 9 15 19 27 
7 9 15 19 27 
1 15 17 19 27 
0 2 15 24 27 
2 8 15 24 27 
1 7 17 24 27 
7 8 17 24 27 
8 15 17 24 27 
0 2 19 24 27 
1 7 19 24 27 
2 8 19 24 27 
7 8 19 24 27 
0 15 19 24 27 
1 17 19 24 27 
