5 198
1 3 5 6 14 
0 2 6 7 14 
3 4 6 12 14 
0 2 3 6 15 
2 3 5 6 15 
0 2 3 7 15 
0 3 6 7 15 
1 3 5 8 15 
2 3 5 8 15 
1 5 6 8 15 
2 5 6 8 15 
3 4 7 12 15 
3 6 7 12 15 
0 2 6 14 15 
0 6 7 14 15 
2 6 8 14 15 
3 4 9 14 15 
2 8 11 14 15 
6 8 11 14 15 
3 4 12 14 15 
3 6 12 14 15 
4 7 12 14 15 
6 7 12 14 15 
1 3 6 8 16 
3 4 6 9 16 
2 3 7 9 16 
2 6 7 9 16 
4 6 7 9 16 
2 3 8 11 16 
3 6 8 11 16 
2 3 9 11 16 
2 6 9 11 16 
3 6 9 11 16 
4 6 7 12 16 
0 2 7 15 17 
2 3 7 15 17 
3 4 7 15 17 
3 4 9 15 17 
0 2 14 15 17 
0 7 14 15 17 
4 7 14 15 17 
4 9 14 15 17 
2 11 14 15 17 
3 6 14 15 18 
3 9 14 15 18 
6 11 14 15 18 
0 7 14 17 21 
4 7 14 17 21 
3 4 6 14 23 
0 2 7 14 23 
2 6 7 14 23 
3 4 9 14 23 
4 6 12 14 23 
4 7 12 14 23 
6 7 12 14 23 
3 4 6 16 23 
0 2 7 16 23 
2 6 7 16 23 
3 4 9 16 23 
3 7 9 16 23 
4 7 9 16 23 
4 6 12 16 23 
4 7 12 16 23 
6 7 12 16 23 
4 7 9 17 23 
4 9 14 17 23 
9 14 15 17 23 
3 5 16 19 23 
0 7 16 19 23 
3 7 16 19 23 
0 16 17 19 23 
0 2 14 21 23 
2 6 14 21 23 
3 6 14 21 23 
0 7 14 21 23 
4 7 14 21 23 
3 9 14 21 23 
0 7 17 21 23 
4 7 17 21 23 
4 14 17 21 23 
2 11 14 17 24 
2 3 15 17 24 
3 9 15 17 24 
2 11 15 17 24 
11 14 15 17 24 
11 14 15 18 24 
2 6 8 11 25 
1 3 5 14 25 
1 3 6 14 25 
1 5 6 14 25 
2 6 8 14 25 
2 8 11 14 25 
6 8 11 14 25 
1 3 5 16 25 
1 3 6 16 25 
1 5 6 16 25 
0 2 14 21 25 
2 6 14 21 25 
3 6 14 21 25 
3 9 14 21 25 
0 14 17 21 25 
0 2 16 23 25 
3 5 16 23 25 
2 6 16 23 25 
3 6 16 23 25 
0 16 17 23 25 
0 2 21 23 25 
2 6 21 23 25 
3 6 21 23 25 
3 9 21 23 25 
9 14 21 23 25 
0 17 21 23 25 
3 5 6 14 26 
1 3 5 15 26 
1 5 6 15 26 
3 5 6 15 26 
1 3 8 15 26 
2 3 8 15 26 
1 6 8 15 26 
2 8 11 15 26 
6 8 11 15 26 
1 3 5 16 26 
1 5 6 16 26 
0 2 7 16 26 
2 3 7 16 26 
1 3 8 16 26 
2 3 8 16 26 
1 6 8 16 26 
2 6 11 16 26 
2 8 11 16 26 
6 8 11 16 26 
0 2 7 17 26 
2 3 7 17 26 
0 2 14 17 26 
3 6 14 18 26 
3 9 14 18 26 
6 11 14 18 26 
3 6 15 18 26 
3 9 15 18 26 
6 11 15 18 26 
9 14 15 18 26 
3 5 16 19 26 
0 7 16 19 26 
3 7 16 19 26 
0 16 17 19 26 
9 14 15 23 26 
3 5 17 23 26 
3 9 17 23 26 
9 15 17 23 26 
5 16 19 23 26 
2 11 14 24 26 
2 3 15 24 26 
3 9 15 24 26 
2 11 15 24 26 
2 3 17 24 26 
3 9 17 24 26 
2 14 17 24 26 
9 15 17 24 26 
11 14 18 24 26 
11 15 18 24 26 
2 6 11 25 26 
0 2 14 25 26 
3 5 14 25 26 
5 6 14 25 26 
3 9 14 25 26 
2 11 14 25 26 
6 11 14 25 26 
0 2 16 25 26 
2 6 16 25 26 
5 6 16 25 26 
0 14 17 25 26 
0 16 17 25 26 
3 5 23 25 26 
3 9 23 25 26 
9 14 23 25 26 
5 16 23 25 26 
3 4 7 9 27 
3 4 7 17 27 
3 4 9 17 27 
4 7 9 17 27 
3 7 9 23 27 
3 5 17 23 27 
0 7 17 23 27 
3 9 17 23 27 
7 9 17 23 27 
3 5 19 23 27 
0 7 19 23 27 
3 7 19 23 27 
0 17 19 23 27 
3 5 17 26 27 
0 7 17 26 27 
3 7 17 26 27 
3 5 19 26 27 
0 7 19 26 27 
3 7 19 26 27 
0 17 19 26 27 
5 17 23 26 27 
5 19 23 26 27 
