5 121
3 5 7 9 14 
5 7 8 9 14 
3 5 7 12 14 
3 5 9 12 14 
1 5 7 12 15 
1 5 9 12 15 
1 7 9 12 15 
3 7 9 12 15 
0 5 6 9 18 
5 6 9 17 18 
1 5 7 14 19 
5 7 8 14 19 
3 7 9 14 19 
7 8 9 14 19 
3 7 12 14 19 
3 9 12 14 19 
5 6 9 15 19 
5 8 9 15 19 
1 5 14 17 19 
5 6 14 17 19 
6 9 15 17 19 
1 5 17 18 19 
5 6 17 18 19 
3 9 17 18 19 
6 9 17 18 19 
1 14 17 18 19 
1 5 7 14 21 
5 8 9 14 21 
5 7 12 14 21 
5 9 12 14 21 
1 5 7 15 21 
5 8 9 15 21 
5 7 12 15 21 
5 9 12 15 21 
1 5 14 17 21 
5 6 14 17 21 
1 14 17 18 21 
5 6 14 19 21 
1 7 14 19 21 
5 8 14 19 21 
8 9 14 19 21 
7 12 14 19 21 
9 12 14 19 21 
5 6 15 19 21 
5 8 15 19 21 
6 14 17 19 21 
6 15 17 19 21 
1 7 18 19 21 
7 12 18 19 21 
1 14 18 19 21 
0 1 5 9 23 
1 5 9 15 23 
5 6 9 15 23 
1 7 9 15 23 
3 7 9 15 23 
3 7 12 15 23 
3 9 12 15 23 
5 6 9 17 23 
6 9 15 17 23 
0 5 9 18 23 
1 5 17 18 23 
3 9 17 18 23 
5 9 17 18 23 
3 7 12 19 23 
3 9 12 19 23 
8 9 15 19 23 
3 9 17 19 23 
9 15 17 19 23 
3 17 18 19 23 
1 5 15 21 23 
5 6 15 21 23 
1 7 15 21 23 
8 9 15 21 23 
7 12 15 21 23 
9 12 15 21 23 
1 5 17 21 23 
5 6 17 21 23 
6 15 17 21 23 
1 7 18 21 23 
7 12 18 21 23 
1 17 18 21 23 
8 9 19 21 23 
9 12 19 21 23 
8 15 19 21 23 
0 1 5 7 24 
0 5 6 7 24 
5 6 7 8 24 
0 1 7 9 24 
0 6 7 9 24 
5 6 8 9 24 
6 7 8 9 24 
0 5 6 18 24 
0 6 9 18 24 
1 5 7 19 24 
5 7 8 19 24 
5 6 9 19 24 
3 7 9 19 24 
5 8 9 19 24 
7 8 9 19 24 
1 5 18 19 24 
5 6 18 19 24 
1 7 18 19 24 
3 9 18 19 24 
6 9 18 19 24 
7 12 18 19 24 
12 18 19 21 24 
0 1 5 23 24 
0 1 9 23 24 
1 7 9 23 24 
3 7 9 23 24 
0 5 18 23 24 
1 5 18 23 24 
1 7 18 23 24 
0 9 18 23 24 
3 9 18 23 24 
7 12 18 23 24 
3 7 19 23 24 
7 12 19 23 24 
3 18 19 23 24 
12 18 21 23 24 
12 19 21 23 24 
