5 190
3 4 5 12 14 
3 4 7 12 14 
4 5 7 12 14 
0 1 5 7 15 
1 3 5 7 15 
0 4 5 7 15 
0 1 7 13 15 
0 1 5 14 15 
0 4 5 14 15 
0 4 7 14 15 
4 5 7 14 15 
0 1 10 14 15 
1 2 10 14 15 
1 2 11 14 15 
1 8 11 14 15 
2 8 11 14 15 
1 2 8 10 16 
1 2 8 11 16 
3 5 12 14 17 
3 7 12 14 17 
5 7 12 14 17 
3 7 13 14 17 
0 1 10 15 17 
1 2 10 15 17 
0 1 10 16 17 
1 2 10 16 17 
1 3 7 13 18 
3 5 12 17 18 
3 7 12 17 18 
3 7 13 17 18 
1 5 16 17 18 
1 2 3 5 20 
0 3 4 5 20 
0 1 5 10 20 
1 2 5 10 20 
0 3 5 10 20 
2 3 5 10 20 
2 3 8 10 20 
1 2 3 11 20 
1 3 8 11 20 
2 3 8 11 20 
0 1 5 14 20 
1 3 5 14 20 
0 4 5 14 20 
3 4 5 14 20 
0 4 7 14 20 
3 4 7 14 20 
0 1 10 14 20 
1 2 10 14 20 
2 8 10 14 20 
1 2 11 14 20 
1 8 11 14 20 
2 8 11 14 20 
3 7 13 14 20 
0 3 4 7 22 
0 1 3 10 22 
0 1 3 13 22 
0 3 7 13 22 
1 3 5 18 22 
0 1 13 18 22 
1 3 13 18 22 
0 7 13 18 22 
3 5 17 18 22 
7 12 17 18 22 
3 13 17 18 22 
7 13 17 18 22 
3 5 7 12 23 
1 3 5 15 23 
1 3 7 15 23 
3 5 7 15 23 
0 1 13 15 23 
0 7 13 15 23 
1 7 13 15 23 
1 5 14 15 23 
0 7 14 15 23 
5 7 14 15 23 
1 8 14 15 23 
0 10 14 15 23 
1 8 14 17 23 
0 1 15 17 23 
1 8 15 17 23 
0 10 15 17 23 
8 14 15 17 23 
0 1 16 17 23 
1 3 5 18 23 
1 3 7 18 23 
3 5 12 18 23 
3 7 12 18 23 
0 1 13 18 23 
0 7 13 18 23 
1 7 13 18 23 
0 1 16 18 23 
1 16 17 18 23 
1 3 8 10 26 
1 3 5 14 26 
2 8 10 14 26 
1 2 11 15 26 
1 8 11 15 26 
2 8 11 15 26 
2 8 14 15 26 
2 10 14 15 26 
0 1 10 16 26 
1 8 10 16 26 
2 8 10 16 26 
1 2 11 16 26 
1 8 11 16 26 
2 8 11 16 26 
1 5 14 17 26 
3 5 14 17 26 
1 8 14 17 26 
3 13 14 17 26 
1 2 15 17 26 
1 8 15 17 26 
2 10 15 17 26 
8 14 15 17 26 
1 2 16 17 26 
1 5 16 17 26 
0 10 16 17 26 
2 10 16 17 26 
0 1 16 18 26 
1 5 16 18 26 
5 16 17 18 26 
0 3 4 20 26 
0 4 7 20 26 
3 4 7 20 26 
1 3 8 20 26 
0 3 10 20 26 
3 8 10 20 26 
3 7 13 20 26 
1 3 14 20 26 
0 7 14 20 26 
1 8 14 20 26 
0 10 14 20 26 
8 10 14 20 26 
3 13 14 20 26 
7 13 17 20 26 
13 14 17 20 26 
0 3 4 22 26 
1 3 5 22 26 
0 4 7 22 26 
3 4 7 22 26 
0 1 10 22 26 
0 3 10 22 26 
1 3 10 22 26 
3 7 13 22 26 
3 5 17 22 26 
7 12 17 22 26 
3 13 17 22 26 
7 13 17 22 26 
0 1 18 22 26 
1 5 18 22 26 
0 7 18 22 26 
7 12 18 22 26 
5 17 18 22 26 
0 10 14 23 26 
10 14 15 23 26 
0 10 17 23 26 
10 15 17 23 26 
0 16 17 23 26 
0 16 18 23 26 
5 7 12 17 27 
1 5 14 17 27 
5 7 14 17 27 
7 13 14 17 27 
1 5 17 18 27 
5 12 17 18 27 
7 13 14 20 27 
7 13 17 20 27 
13 14 17 20 27 
12 17 18 22 27 
5 7 12 23 27 
1 5 14 23 27 
0 7 14 23 27 
5 7 14 23 27 
1 14 17 23 27 
1 5 18 23 27 
0 7 18 23 27 
5 12 18 23 27 
7 12 18 23 27 
1 17 18 23 27 
0 7 14 26 27 
7 12 17 26 27 
0 7 18 26 27 
7 12 18 26 27 
7 14 20 26 27 
7 17 20 26 27 
12 17 22 26 27 
12 18 22 26 27 
0 14 23 26 27 
0 18 23 26 27 
