5 149
2 5 10 11 14 
1 2 5 6 15 
1 5 6 10 15 
2 5 6 10 15 
1 5 7 10 15 
1 7 10 12 17 
5 7 10 12 17 
1 5 11 12 17 
1 10 11 12 17 
5 10 11 12 17 
1 4 10 14 17 
2 5 10 14 17 
2 6 10 14 17 
2 5 11 14 17 
1 10 11 14 17 
5 10 11 14 17 
2 5 10 15 17 
2 6 10 15 17 
1 7 10 15 17 
5 7 10 15 17 
2 5 11 15 17 
1 7 12 15 17 
5 7 12 15 17 
6 10 14 16 17 
1 2 4 10 20 
1 4 10 14 22 
1 2 5 15 22 
1 5 7 15 22 
1 7 12 15 22 
1 10 14 16 22 
1 12 14 16 22 
4 10 14 17 22 
6 10 16 17 22 
10 14 16 17 22 
1 2 4 20 22 
1 2 15 20 22 
2 11 15 20 22 
1 12 15 20 22 
11 15 17 20 22 
2 5 11 15 23 
5 7 12 15 23 
1 4 14 15 23 
1 12 14 15 23 
1 5 11 17 23 
1 4 14 17 23 
2 6 14 17 23 
1 11 14 17 23 
2 11 14 17 23 
4 14 15 17 23 
1 5 7 22 23 
1 7 12 22 23 
2 5 15 22 23 
5 7 15 22 23 
2 11 15 22 23 
7 12 15 22 23 
12 14 15 22 23 
2 6 17 22 23 
1 2 4 11 24 
1 2 5 11 24 
1 4 10 11 24 
2 4 10 11 24 
2 6 10 14 24 
1 10 11 14 24 
2 10 11 14 24 
1 10 14 16 24 
6 10 14 16 24 
1 12 14 16 24 
6 14 16 17 24 
1 2 4 22 24 
1 2 5 22 24 
1 4 10 22 24 
2 4 10 22 24 
2 6 10 22 24 
1 10 16 22 24 
6 10 16 22 24 
1 12 16 22 24 
12 14 16 22 24 
6 16 17 22 24 
1 5 11 23 24 
2 5 11 23 24 
2 6 14 23 24 
1 11 14 23 24 
2 11 14 23 24 
1 12 14 23 24 
6 14 17 23 24 
1 5 22 23 24 
2 5 22 23 24 
2 6 22 23 24 
1 12 22 23 24 
12 14 22 23 24 
6 17 22 23 24 
1 2 6 10 26 
1 2 6 15 26 
1 6 10 15 26 
1 4 14 15 26 
1 12 14 15 26 
1 4 10 17 26 
1 4 15 17 26 
2 6 15 17 26 
1 10 15 17 26 
6 10 15 17 26 
2 11 15 17 26 
4 14 15 17 26 
1 2 10 20 26 
1 4 10 20 26 
2 4 10 20 26 
1 2 15 20 26 
2 11 15 20 26 
1 12 15 20 26 
11 15 17 20 26 
2 4 10 22 26 
2 6 10 22 26 
1 4 14 22 26 
1 12 14 22 26 
12 14 15 22 26 
2 6 17 22 26 
4 10 17 22 26 
6 10 17 22 26 
2 11 17 22 26 
4 14 17 22 26 
1 4 20 22 26 
2 4 20 22 26 
2 11 20 22 26 
1 12 20 22 26 
12 15 20 22 26 
11 17 20 22 26 
1 5 7 12 27 
1 5 12 17 27 
1 4 15 17 27 
5 11 15 17 27 
1 12 15 17 27 
5 12 15 17 27 
2 11 17 22 27 
11 15 17 22 27 
1 5 7 23 27 
1 7 12 23 27 
5 7 12 23 27 
1 4 15 23 27 
5 11 15 23 27 
1 12 15 23 27 
5 12 15 23 27 
1 4 17 23 27 
1 5 17 23 27 
2 11 17 23 27 
5 11 17 23 27 
4 15 17 23 27 
2 11 22 23 27 
11 15 22 23 27 
2 17 22 23 27 
