5 159
2 3 4 5 17 
4 5 8 13 17 
2 4 5 14 17 
4 5 8 14 17 
3 4 5 12 18 
4 5 12 13 18 
4 8 12 13 18 
5 8 12 13 18 
0 3 5 11 19 
3 5 11 12 19 
0 2 3 4 23 
0 2 3 5 23 
0 2 4 5 23 
0 3 4 14 23 
2 3 4 14 23 
0 4 5 14 23 
2 4 5 14 23 
0 3 11 14 23 
0 5 11 14 23 
2 3 5 17 23 
2 3 14 17 23 
2 5 14 17 23 
3 11 14 17 23 
5 12 14 17 23 
3 4 11 12 24 
4 8 11 12 24 
5 8 11 12 24 
3 4 12 18 24 
3 5 12 18 24 
4 8 12 18 24 
5 8 12 18 24 
4 8 13 18 24 
5 8 13 18 24 
3 5 12 19 24 
3 4 11 21 24 
4 8 11 21 24 
5 8 11 21 24 
4 8 13 21 24 
5 11 12 14 25 
2 3 4 18 25 
2 3 14 18 25 
0 3 5 19 25 
0 3 11 19 25 
0 5 11 19 25 
5 11 12 19 25 
0 3 11 23 25 
0 5 11 23 25 
5 11 14 23 25 
5 12 14 23 25 
11 14 17 23 25 
0 3 5 24 25 
0 3 18 24 25 
2 4 18 24 25 
3 4 18 24 25 
2 14 18 24 25 
3 4 19 24 25 
3 5 19 24 25 
5 8 19 24 25 
2 3 4 17 26 
3 4 5 17 26 
4 5 13 17 26 
4 8 13 17 26 
5 8 13 17 26 
2 3 14 17 26 
2 4 14 17 26 
4 8 14 17 26 
5 8 14 17 26 
3 11 14 17 26 
5 12 14 17 26 
2 3 4 18 26 
3 4 5 18 26 
4 5 13 18 26 
2 3 14 18 26 
4 8 13 21 26 
0 3 5 23 26 
3 5 17 23 26 
3 11 17 23 26 
5 12 17 23 26 
12 14 17 23 26 
0 3 5 24 26 
5 8 13 24 26 
0 3 18 24 26 
2 4 18 24 26 
3 5 18 24 26 
4 13 18 24 26 
5 13 18 24 26 
2 14 18 24 26 
2 4 21 24 26 
4 13 21 24 26 
2 14 21 24 26 
3 11 14 25 26 
11 14 17 25 26 
0 3 18 25 26 
3 14 18 25 26 
0 3 23 25 26 
0 5 23 25 26 
3 11 23 25 26 
5 12 23 25 26 
11 17 23 25 26 
0 5 24 25 26 
5 8 24 25 26 
0 18 24 25 26 
8 19 24 25 26 
0 3 4 11 27 
0 4 5 11 27 
4 5 8 11 27 
0 3 4 14 27 
2 3 4 14 27 
0 4 5 14 27 
4 5 8 14 27 
0 3 11 14 27 
0 5 11 14 27 
5 11 12 14 27 
3 11 12 19 27 
3 4 11 21 27 
4 8 11 21 27 
5 8 11 21 27 
3 11 12 24 27 
5 11 12 24 27 
3 4 19 24 27 
5 8 19 24 27 
3 12 19 24 27 
5 12 19 24 27 
2 4 21 24 27 
3 4 21 24 27 
5 8 21 24 27 
3 11 21 24 27 
5 11 21 24 27 
8 13 21 24 27 
2 14 21 24 27 
2 3 4 25 27 
2 3 14 25 27 
3 11 14 25 27 
11 12 14 25 27 
3 4 19 25 27 
5 8 19 25 27 
3 11 19 25 27 
5 12 19 25 27 
11 12 19 25 27 
12 14 23 25 27 
2 4 24 25 27 
2 14 24 25 27 
4 19 24 25 27 
2 4 14 26 27 
4 8 14 26 27 
5 8 14 26 27 
5 12 14 26 27 
2 4 21 26 27 
4 8 21 26 27 
8 13 21 26 27 
2 14 21 26 27 
12 14 23 26 27 
8 13 24 26 27 
8 19 24 26 27 
13 21 24 26 27 
5 8 25 26 27 
5 12 25 26 27 
8 19 25 26 27 
12 23 25 26 27 
