5 147
0 1 2 3 14 
0 1 3 10 14 
1 3 8 10 14 
1 2 3 13 14 
2 3 5 13 14 
1 2 8 13 14 
1 3 8 13 14 
3 5 8 13 14 
1 2 8 12 15 
0 2 3 14 17 
2 3 5 14 17 
1 2 8 14 17 
3 5 8 14 17 
0 2 10 14 17 
0 3 10 14 17 
3 8 10 14 17 
1 2 12 14 17 
1 8 12 14 17 
2 5 13 14 17 
2 8 13 14 17 
5 8 13 14 17 
0 1 2 10 19 
2 6 8 12 19 
1 2 10 12 19 
2 6 10 12 19 
1 8 10 12 19 
6 8 10 12 19 
2 6 8 15 19 
2 6 10 15 19 
6 8 10 15 19 
2 8 12 15 19 
2 6 10 15 20 
6 8 10 15 20 
2 5 8 13 22 
2 3 5 20 22 
2 5 8 20 22 
2 6 8 20 22 
2 3 15 20 22 
3 15 17 20 22 
1 2 8 15 25 
2 6 8 15 25 
1 2 12 15 25 
1 8 12 15 25 
2 3 5 17 25 
1 2 8 17 25 
1 2 12 17 25 
1 8 12 17 25 
2 5 13 17 25 
2 8 13 17 25 
2 12 14 17 25 
2 3 15 19 25 
2 12 15 19 25 
8 12 15 19 25 
8 13 15 19 25 
3 15 17 19 25 
5 8 13 20 25 
2 6 15 20 25 
6 8 15 20 25 
8 13 15 20 25 
3 5 17 20 25 
5 13 17 20 25 
2 3 5 22 25 
2 6 8 22 25 
2 5 13 22 25 
2 8 13 22 25 
5 8 13 22 25 
2 3 15 22 25 
3 15 17 22 25 
3 5 20 22 25 
2 6 20 22 25 
5 8 20 22 25 
6 8 20 22 25 
2 15 20 22 25 
3 17 20 22 25 
2 3 5 8 26 
0 2 3 10 26 
2 3 8 10 26 
2 6 8 10 26 
0 2 3 17 26 
3 5 8 17 26 
0 2 10 17 26 
0 3 10 17 26 
3 8 10 17 26 
5 8 13 17 26 
2 3 5 20 26 
2 5 8 20 26 
2 6 8 20 26 
2 6 10 20 26 
6 8 10 20 26 
5 8 13 20 26 
2 3 17 20 26 
3 5 17 20 26 
2 10 17 20 26 
8 10 17 20 26 
8 12 17 20 26 
5 13 17 20 26 
8 12 17 25 26 
8 13 17 25 26 
12 14 17 25 26 
13 17 20 25 26 
0 1 2 14 27 
0 1 10 14 27 
0 2 10 14 27 
1 8 10 14 27 
1 2 12 14 27 
1 8 12 14 27 
2 10 14 17 27 
8 10 14 17 27 
8 12 14 17 27 
0 1 2 19 27 
0 1 10 19 27 
0 2 10 19 27 
1 8 10 19 27 
1 2 12 19 27 
1 8 12 19 27 
2 3 15 19 27 
2 10 15 19 27 
8 10 15 19 27 
8 13 15 19 27 
3 15 17 19 27 
2 3 15 20 27 
2 10 15 20 27 
8 10 15 20 27 
8 13 15 20 27 
2 3 17 20 27 
2 10 17 20 27 
8 10 17 20 27 
8 12 17 20 27 
3 15 17 20 27 
2 12 14 25 27 
2 3 17 25 27 
2 14 17 25 27 
2 3 19 25 27 
2 12 19 25 27 
8 12 19 25 27 
8 13 19 25 27 
13 15 19 25 27 
3 17 19 25 27 
13 15 20 25 27 
12 14 17 26 27 
8 12 20 26 27 
8 13 20 26 27 
12 17 20 26 27 
8 12 25 26 27 
8 13 25 26 27 
12 14 25 26 27 
13 20 25 26 27 
