5 204
2 3 4 6 17 
2 4 5 6 17 
2 3 4 9 17 
0 2 4 11 18 
2 4 5 11 18 
0 2 6 11 18 
1 2 6 11 18 
0 4 6 11 18 
1 5 6 11 18 
4 5 6 11 18 
0 2 3 10 19 
0 3 4 10 19 
0 2 3 16 19 
2 3 9 16 19 
2 4 5 17 20 
1 5 6 17 20 
4 5 6 17 20 
1 5 11 17 20 
2 5 11 17 20 
0 2 4 18 20 
2 4 5 18 20 
1 2 6 18 20 
0 4 6 18 20 
1 5 6 18 20 
4 5 6 18 20 
2 6 8 18 20 
0 6 10 18 20 
1 2 11 18 20 
1 5 11 18 20 
2 5 11 18 20 
6 8 15 18 20 
1 2 5 6 21 
1 2 5 11 21 
0 3 4 17 21 
2 3 6 17 21 
1 5 6 17 21 
2 5 6 17 21 
3 4 10 17 21 
3 6 10 17 21 
1 5 11 17 21 
2 5 11 17 21 
0 2 8 10 22 
0 6 8 10 22 
2 6 8 10 22 
0 2 3 16 22 
0 4 10 17 22 
0 6 10 17 22 
2 11 16 19 22 
2 6 8 20 22 
2 3 6 10 23 
2 3 9 17 23 
0 3 4 19 23 
2 3 9 19 23 
0 2 10 19 23 
2 3 10 19 23 
0 4 10 19 23 
3 4 10 19 23 
0 2 16 19 23 
0 3 16 19 23 
3 9 16 19 23 
2 11 16 19 23 
1 2 6 20 23 
1 2 11 20 23 
1 11 17 20 23 
0 3 4 21 23 
1 2 6 21 23 
2 3 6 21 23 
3 4 10 21 23 
3 6 10 21 23 
1 2 11 21 23 
0 3 17 21 23 
2 3 17 21 23 
1 6 17 21 23 
4 10 17 21 23 
6 10 17 21 23 
1 11 17 21 23 
2 11 17 21 23 
0 2 10 22 23 
0 4 10 22 23 
2 6 10 22 23 
0 2 16 22 23 
0 3 16 22 23 
2 11 16 22 23 
1 6 17 22 23 
4 10 17 22 23 
6 10 17 22 23 
11 16 19 22 23 
1 6 20 22 23 
2 6 20 22 23 
2 11 20 22 23 
1 17 20 22 23 
11 19 20 22 23 
0 4 21 22 23 
4 17 21 22 23 
0 2 6 8 24 
2 3 9 16 24 
2 9 16 19 24 
1 6 15 20 24 
6 8 15 20 24 
0 4 17 21 24 
0 2 3 22 24 
0 2 8 22 24 
0 6 8 22 24 
2 3 16 22 24 
0 4 17 22 24 
0 6 17 22 24 
1 6 17 22 24 
2 11 19 22 24 
2 16 19 22 24 
1 6 20 22 24 
2 8 20 22 24 
6 8 20 22 24 
2 11 20 22 24 
11 19 20 22 24 
0 4 21 22 24 
4 17 21 22 24 
3 9 16 23 24 
0 3 17 23 24 
2 9 17 23 24 
3 9 17 23 24 
2 11 17 23 24 
2 9 19 23 24 
2 11 19 23 24 
9 16 19 23 24 
11 17 20 23 24 
11 19 20 23 24 
0 17 21 23 24 
0 3 22 23 24 
3 16 22 23 24 
0 21 22 23 24 
0 2 3 9 26 
0 2 4 9 26 
0 3 4 9 26 
0 2 4 17 26 
0 3 4 17 26 
2 4 9 17 26 
3 4 9 17 26 
0 6 10 17 26 
0 2 6 18 26 
2 6 8 18 26 
0 6 10 18 26 
6 8 15 18 26 
1 6 15 20 26 
0 2 18 20 26 
2 8 18 20 26 
0 10 18 20 26 
6 10 18 20 26 
6 15 18 20 26 
1 17 20 22 26 
0 2 3 24 26 
0 2 6 24 26 
2 6 8 24 26 
2 3 9 24 26 
1 6 15 24 26 
2 8 15 24 26 
6 8 15 24 26 
2 11 15 24 26 
0 3 17 24 26 
0 6 17 24 26 
1 6 17 24 26 
2 9 17 24 26 
3 9 17 24 26 
2 11 17 24 26 
1 15 20 24 26 
1 17 22 24 26 
1 20 22 24 26 
0 4 6 10 27 
3 4 6 10 27 
0 2 4 17 27 
3 4 6 17 27 
0 4 10 17 27 
3 4 10 17 27 
3 6 10 17 27 
0 2 4 20 27 
0 4 6 20 27 
0 6 10 20 27 
2 4 17 20 27 
1 6 17 20 27 
4 6 17 20 27 
2 11 17 20 27 
8 15 18 20 27 
2 8 15 24 27 
2 11 15 24 27 
2 8 20 24 27 
2 11 20 24 27 
8 15 20 24 27 
11 17 20 24 27 
2 8 15 26 27 
2 11 15 26 27 
0 2 17 26 27 
1 6 17 26 27 
0 10 17 26 27 
6 10 17 26 27 
2 11 17 26 27 
8 15 18 26 27 
0 2 20 26 27 
1 6 20 26 27 
2 8 20 26 27 
0 10 20 26 27 
6 10 20 26 27 
1 17 20 26 27 
8 18 20 26 27 
11 15 24 26 27 
11 17 24 26 27 
