5 158
1 2 5 10 14 
1 4 5 10 14 
2 4 5 10 14 
0 2 5 8 19 
0 2 5 14 19 
0 5 8 14 19 
2 5 8 14 19 
0 2 3 6 20 
0 3 5 8 20 
0 2 6 8 20 
0 3 6 8 20 
0 2 3 9 20 
1 2 3 9 20 
0 3 5 13 20 
2 6 8 14 21 
2 3 6 20 21 
2 6 8 20 21 
3 6 8 20 21 
1 2 3 5 22 
0 1 3 9 22 
0 1 3 13 22 
1 3 5 13 22 
1 2 5 14 22 
2 5 8 14 22 
2 6 8 14 22 
1 2 10 14 22 
1 4 10 14 22 
2 4 10 14 22 
1 2 3 20 22 
1 2 10 20 22 
1 4 10 20 22 
2 3 6 21 22 
3 6 8 21 22 
6 8 14 21 22 
1 3 18 21 22 
3 8 18 21 22 
8 14 18 21 22 
1 3 20 21 22 
2 3 20 21 22 
1 4 20 21 22 
2 10 20 21 22 
0 1 2 4 23 
0 1 4 5 23 
0 2 4 5 23 
0 1 2 9 23 
1 2 4 10 23 
0 1 5 13 23 
0 2 5 14 23 
1 4 5 14 23 
2 4 5 14 23 
0 5 8 14 23 
0 2 9 19 23 
0 3 9 19 23 
0 2 14 19 23 
0 3 14 19 23 
2 6 14 19 23 
6 14 19 21 23 
0 5 8 22 23 
0 1 9 22 23 
0 3 9 22 23 
0 1 13 22 23 
0 5 13 22 23 
1 5 13 22 23 
1 4 14 22 23 
2 4 14 22 23 
1 5 14 22 23 
2 6 14 22 23 
5 8 14 22 23 
6 14 21 22 23 
2 3 5 8 26 
2 3 6 8 26 
2 3 5 22 26 
2 3 6 22 26 
0 5 8 22 26 
2 5 8 22 26 
2 6 8 22 26 
3 6 8 22 26 
1 3 18 22 26 
0 8 18 22 26 
3 8 18 22 26 
1 4 21 22 26 
1 18 21 22 26 
4 20 21 22 26 
0 2 8 19 27 
0 2 9 19 27 
0 3 9 19 27 
0 3 14 19 27 
2 6 14 19 27 
0 8 14 19 27 
2 8 14 19 27 
0 2 8 20 27 
0 5 8 20 27 
3 5 8 20 27 
0 2 9 20 27 
1 2 9 20 27 
0 3 9 20 27 
1 3 9 20 27 
1 2 10 20 27 
1 4 10 20 27 
0 3 13 20 27 
0 5 13 20 27 
3 5 13 20 27 
2 6 14 21 27 
2 8 14 21 27 
1 3 18 21 27 
3 8 18 21 27 
8 14 18 21 27 
6 14 19 21 27 
1 3 20 21 27 
1 4 20 21 27 
2 8 20 21 27 
3 8 20 21 27 
2 10 20 21 27 
1 3 9 22 27 
2 4 10 22 27 
0 3 13 22 27 
0 5 13 22 27 
3 5 13 22 27 
0 8 18 22 27 
8 14 18 22 27 
4 10 20 22 27 
2 6 21 22 27 
2 10 21 22 27 
10 20 21 22 27 
1 2 9 23 27 
1 2 10 23 27 
1 4 10 23 27 
2 4 10 23 27 
0 3 14 23 27 
0 8 14 23 27 
2 6 19 23 27 
2 9 19 23 27 
3 9 19 23 27 
3 14 19 23 27 
6 19 21 23 27 
0 3 22 23 27 
1 4 22 23 27 
2 4 22 23 27 
2 6 22 23 27 
0 8 22 23 27 
1 9 22 23 27 
3 9 22 23 27 
8 14 22 23 27 
6 21 22 23 27 
0 5 8 26 27 
3 5 8 26 27 
1 3 18 26 27 
0 8 18 26 27 
3 8 18 26 27 
1 4 21 26 27 
1 18 21 26 27 
4 20 21 26 27 
1 3 22 26 27 
1 4 22 26 27 
0 5 22 26 27 
3 5 22 26 27 
0 18 22 26 27 
4 20 22 26 27 
