5 136
0 1 5 8 18 
0 5 7 8 18 
1 5 7 8 18 
0 6 7 8 18 
0 1 8 11 18 
0 6 8 11 18 
0 1 4 11 19 
1 4 10 11 19 
1 4 10 17 19 
1 4 7 10 21 
1 7 8 11 21 
6 7 8 11 21 
1 7 10 11 21 
4 7 10 11 21 
0 1 7 14 21 
0 5 7 14 21 
1 7 8 14 21 
0 5 14 17 21 
0 1 4 7 23 
0 4 7 11 23 
0 4 11 19 23 
0 4 14 17 25 
1 4 10 18 25 
4 14 17 18 25 
1 8 11 19 25 
1 10 11 19 25 
4 10 11 19 25 
0 4 17 19 25 
0 5 17 19 25 
1 8 17 19 25 
1 10 17 19 25 
4 10 17 19 25 
0 1 7 21 25 
1 4 7 21 25 
0 5 7 21 25 
6 7 8 21 25 
1 4 10 21 25 
4 7 11 21 25 
6 7 11 21 25 
1 8 11 21 25 
6 8 11 21 25 
1 10 11 21 25 
4 10 11 21 25 
0 1 14 21 25 
5 7 14 21 25 
1 8 14 21 25 
7 8 14 21 25 
0 5 17 21 25 
0 14 17 21 25 
0 1 4 23 25 
0 1 7 23 25 
1 4 7 23 25 
0 5 7 23 25 
4 7 11 23 25 
0 4 19 23 25 
0 5 19 23 25 
4 11 19 23 25 
8 11 19 23 25 
5 17 19 23 25 
5 17 21 23 25 
0 1 5 7 26 
0 1 7 14 26 
0 5 7 14 26 
0 1 4 18 26 
0 1 5 18 26 
1 5 7 18 26 
0 1 4 25 26 
0 1 14 25 26 
0 4 14 25 26 
1 10 14 25 26 
1 4 18 25 26 
1 10 18 25 26 
4 14 18 25 26 
0 6 7 11 27 
1 7 8 14 27 
1 4 10 17 27 
0 4 14 17 27 
0 5 14 17 27 
0 1 4 18 27 
0 5 7 18 27 
0 6 7 18 27 
1 7 8 18 27 
6 7 8 18 27 
1 4 10 18 27 
0 1 11 18 27 
0 6 11 18 27 
1 8 11 18 27 
6 8 11 18 27 
4 14 17 18 27 
0 1 4 19 27 
0 1 11 19 27 
1 8 11 19 27 
0 4 17 19 27 
1 4 17 19 27 
0 5 17 19 27 
1 8 17 19 27 
5 14 17 21 27 
0 5 7 23 27 
0 7 11 23 27 
0 5 19 23 27 
0 11 19 23 27 
8 11 19 23 27 
5 17 19 23 27 
5 17 21 23 27 
6 7 8 25 27 
6 7 11 25 27 
6 8 11 25 27 
5 7 14 25 27 
1 8 14 25 27 
7 8 14 25 27 
1 10 14 25 27 
1 8 17 25 27 
1 10 17 25 27 
4 10 17 25 27 
4 10 18 25 27 
4 17 18 25 27 
8 17 19 25 27 
5 14 21 25 27 
5 7 23 25 27 
7 11 23 25 27 
8 11 23 25 27 
8 19 23 25 27 
5 21 23 25 27 
0 4 14 26 27 
0 5 14 26 27 
1 7 14 26 27 
5 7 14 26 27 
1 10 14 26 27 
0 4 18 26 27 
0 5 18 26 27 
1 7 18 26 27 
5 7 18 26 27 
1 10 18 26 27 
4 14 18 26 27 
10 14 25 26 27 
10 18 25 26 27 
