5 159
1 2 3 7 14 
0 2 3 10 14 
0 2 6 10 14 
0 3 6 10 14 
1 2 7 10 14 
2 3 7 10 14 
1 3 7 10 17 
1 3 8 10 17 
3 6 8 10 17 
1 3 6 12 19 
0 3 6 14 20 
2 6 10 14 20 
3 6 10 14 20 
0 3 6 17 20 
2 6 10 17 20 
3 6 10 17 20 
0 2 3 6 21 
1 2 3 6 21 
1 2 6 10 21 
0 2 3 14 21 
1 2 3 14 21 
1 3 7 14 21 
1 2 10 14 21 
1 7 10 14 21 
3 7 10 14 21 
3 10 14 18 21 
8 10 14 18 21 
3 12 14 18 21 
1 3 6 19 21 
1 6 10 19 21 
1 8 10 19 21 
1 3 12 19 21 
1 3 7 20 21 
1 3 12 20 21 
3 10 18 20 21 
3 12 18 20 21 
12 14 18 20 21 
0 3 17 20 22 
2 10 17 20 22 
3 10 17 20 22 
1 6 8 10 23 
1 6 10 19 23 
1 8 10 19 23 
0 2 6 14 25 
0 3 6 17 25 
2 6 10 17 25 
1 6 12 19 25 
3 6 12 19 25 
1 3 12 20 25 
0 3 14 20 25 
0 6 14 20 25 
2 6 14 20 25 
2 10 14 20 25 
8 10 14 20 25 
3 12 14 20 25 
0 6 17 20 25 
2 6 17 20 25 
2 10 19 20 25 
8 10 19 20 25 
8 14 19 20 25 
2 17 19 20 25 
0 2 6 21 25 
0 3 6 21 25 
2 6 10 21 25 
0 2 14 21 25 
0 3 14 21 25 
2 10 14 21 25 
8 10 14 21 25 
3 12 14 21 25 
3 6 19 21 25 
1 7 19 21 25 
6 10 19 21 25 
8 10 19 21 25 
1 12 19 21 25 
3 12 19 21 25 
8 14 19 21 25 
1 7 20 21 25 
1 12 20 21 25 
12 14 20 21 25 
0 17 20 22 25 
1 6 19 23 25 
1 7 19 23 25 
2 10 19 23 25 
6 10 19 23 25 
7 19 21 23 25 
3 10 14 18 26 
8 10 14 18 26 
3 12 14 18 26 
3 10 14 20 26 
8 10 14 20 26 
3 12 14 20 26 
3 10 18 20 26 
8 10 18 20 26 
3 12 18 20 26 
12 14 18 20 26 
1 3 8 12 27 
1 6 8 12 27 
3 6 8 12 27 
1 3 7 17 27 
1 3 8 17 27 
3 6 8 17 27 
1 7 10 17 27 
3 7 10 17 27 
1 8 10 17 27 
6 8 10 17 27 
1 3 7 20 27 
8 10 18 20 27 
2 10 19 20 27 
8 10 19 20 27 
8 14 19 20 27 
2 17 19 20 27 
1 7 10 21 27 
3 7 10 21 27 
1 8 10 21 27 
8 10 18 21 27 
8 14 18 21 27 
1 7 19 21 27 
1 8 19 21 27 
8 14 19 21 27 
3 7 20 21 27 
3 10 20 21 27 
10 18 20 21 27 
0 3 17 22 27 
2 10 17 22 27 
3 10 17 22 27 
0 3 20 22 27 
2 10 20 22 27 
3 10 20 22 27 
2 17 20 22 27 
1 6 8 23 27 
6 8 10 23 27 
1 7 19 23 27 
1 8 19 23 27 
2 10 19 23 27 
8 10 19 23 27 
7 19 21 23 27 
1 3 12 25 27 
1 6 12 25 27 
3 6 12 25 27 
0 3 17 25 27 
3 6 17 25 27 
2 10 17 25 27 
6 10 17 25 27 
2 17 19 25 27 
0 3 20 25 27 
1 3 20 25 27 
1 7 20 25 27 
7 20 21 25 27 
0 17 22 25 27 
0 20 22 25 27 
1 6 23 25 27 
1 7 23 25 27 
2 10 23 25 27 
6 10 23 25 27 
2 19 23 25 27 
7 21 23 25 27 
8 14 18 26 27 
8 14 20 26 27 
8 18 20 26 27 
