5 172
3 4 6 13 16 
1 4 7 13 16 
4 6 7 13 16 
3 4 10 13 16 
1 2 3 6 17 
1 3 10 13 17 
0 1 5 6 18 
1 3 5 6 18 
3 5 6 8 18 
0 1 5 13 18 
1 3 5 13 18 
0 1 6 13 18 
3 5 8 13 18 
3 6 8 15 18 
1 3 6 17 18 
1 3 13 17 18 
1 3 4 10 21 
1 6 7 13 21 
6 7 13 16 21 
0 5 6 13 22 
3 6 8 13 22 
5 6 8 13 22 
5 6 8 18 22 
3 8 13 18 22 
5 8 13 18 22 
3 4 15 18 22 
2 6 15 18 22 
3 8 15 18 22 
6 8 15 18 22 
1 2 3 4 24 
1 2 4 6 24 
2 3 4 6 24 
1 4 6 7 24 
1 4 10 13 24 
3 4 6 16 24 
1 4 7 16 24 
4 6 7 16 24 
3 4 10 16 24 
1 4 13 16 24 
0 5 13 16 24 
0 6 13 16 24 
3 6 13 16 24 
1 7 13 16 24 
3 10 13 16 24 
4 10 13 16 24 
3 4 10 17 24 
1 7 13 17 24 
1 10 13 17 24 
3 10 13 17 24 
3 4 17 18 24 
3 13 17 18 24 
7 13 17 18 24 
1 2 3 21 24 
1 3 4 21 24 
1 2 6 21 24 
2 3 6 21 24 
1 6 7 21 24 
3 6 8 21 24 
1 4 10 21 24 
6 7 16 21 24 
6 8 16 21 24 
5 13 16 21 24 
7 13 16 21 24 
0 5 6 22 24 
3 6 8 22 24 
0 5 13 22 24 
0 6 13 22 24 
3 6 13 22 24 
3 4 15 22 24 
5 6 15 22 24 
3 8 15 22 24 
6 8 15 22 24 
5 13 15 22 24 
7 13 15 22 24 
3 4 18 22 24 
3 13 18 22 24 
7 13 18 22 24 
4 15 18 22 24 
0 5 13 16 26 
0 6 13 16 26 
2 6 15 16 26 
1 2 6 17 26 
1 7 13 17 26 
0 5 6 18 26 
0 5 13 18 26 
0 6 13 18 26 
1 6 13 18 26 
3 4 17 18 26 
1 6 17 18 26 
3 6 17 18 26 
1 13 17 18 26 
7 13 17 18 26 
1 2 6 21 26 
1 6 13 21 26 
2 6 16 21 26 
5 13 16 21 26 
6 13 16 21 26 
2 6 15 22 26 
5 6 15 22 26 
5 13 15 22 26 
7 13 15 22 26 
2 6 18 22 26 
5 6 18 22 26 
5 13 18 22 26 
7 13 18 22 26 
2 15 18 22 26 
0 5 6 24 26 
5 6 15 24 26 
5 13 15 24 26 
7 13 15 24 26 
0 5 16 24 26 
0 6 16 24 26 
6 15 16 24 26 
7 17 18 24 26 
5 16 21 24 26 
7 15 22 24 26 
7 18 22 24 26 
3 6 8 15 27 
2 6 15 16 27 
1 2 3 17 27 
2 3 6 17 27 
1 3 10 17 27 
3 4 10 17 27 
3 4 15 18 27 
2 6 15 18 27 
3 6 15 18 27 
1 2 3 21 27 
2 3 6 21 27 
3 6 8 21 27 
1 3 10 21 27 
3 4 10 21 27 
1 7 13 21 27 
2 6 16 21 27 
6 8 16 21 27 
3 4 15 24 27 
3 8 15 24 27 
6 8 15 24 27 
6 8 16 24 27 
6 15 16 24 27 
1 7 17 24 27 
1 10 17 24 27 
4 10 17 24 27 
4 15 18 24 27 
4 17 18 24 27 
3 4 21 24 27 
1 7 21 24 27 
3 8 21 24 27 
1 10 21 24 27 
4 10 21 24 27 
5 13 21 24 27 
7 13 21 24 27 
8 16 21 24 27 
1 7 13 26 27 
2 15 16 26 27 
1 2 17 26 27 
3 4 17 26 27 
2 6 17 26 27 
3 6 17 26 27 
1 7 17 26 27 
3 4 18 26 27 
2 6 18 26 27 
3 6 18 26 27 
2 15 18 26 27 
4 17 18 26 27 
1 2 21 26 27 
1 13 21 26 27 
5 13 21 26 27 
2 16 21 26 27 
5 13 24 26 27 
7 13 24 26 27 
7 17 24 26 27 
5 21 24 26 27 
