5 169
2 4 5 12 14 
2 5 10 11 15 
2 4 5 11 16 
2 4 10 11 16 
4 5 10 11 16 
0 2 8 10 18 
2 3 8 10 18 
2 3 4 7 20 
2 4 7 12 20 
2 4 12 14 20 
2 5 12 14 20 
4 5 12 14 20 
2 8 18 20 21 
4 10 18 20 21 
8 10 18 20 21 
0 2 10 15 22 
2 10 11 15 22 
0 2 10 16 22 
2 10 11 16 22 
0 2 15 16 22 
2 7 15 16 22 
2 4 5 14 24 
2 4 5 16 24 
0 2 10 16 24 
2 4 10 16 24 
4 5 10 16 24 
2 5 11 16 24 
5 10 11 16 24 
0 2 10 20 24 
2 4 10 20 24 
2 5 11 20 24 
2 4 14 20 24 
2 5 14 20 24 
4 10 14 20 24 
5 11 14 20 24 
2 11 18 20 24 
2 7 18 21 24 
2 18 20 21 24 
2 7 16 22 24 
0 10 16 22 24 
2 11 16 22 24 
10 11 16 22 24 
0 15 16 22 24 
2 3 7 10 25 
3 4 7 10 25 
2 5 7 10 25 
4 5 7 10 25 
2 5 7 12 25 
4 5 7 12 25 
4 5 10 24 25 
5 10 11 24 25 
11 14 20 24 25 
0 10 22 24 25 
10 11 22 24 25 
11 20 22 24 25 
0 2 3 4 26 
0 2 3 8 26 
0 2 4 10 26 
0 3 4 10 26 
0 3 8 10 26 
2 3 7 18 26 
3 4 7 18 26 
2 3 8 18 26 
3 4 10 18 26 
3 8 10 18 26 
2 3 4 20 26 
2 3 7 20 26 
3 4 7 20 26 
0 2 8 20 26 
0 2 10 20 26 
2 4 10 20 26 
0 8 10 20 26 
2 5 11 20 26 
2 5 12 20 26 
4 5 12 20 26 
2 7 12 20 26 
4 7 12 20 26 
4 5 18 20 26 
2 8 18 20 26 
4 10 18 20 26 
8 10 18 20 26 
2 11 18 20 26 
2 7 18 24 26 
2 11 18 24 26 
11 18 20 24 26 
2 7 22 24 26 
2 11 22 24 26 
7 16 22 24 26 
11 20 22 24 26 
0 2 10 15 27 
2 5 10 15 27 
2 5 11 15 27 
5 10 11 15 27 
0 2 15 16 27 
2 7 15 16 27 
2 3 7 18 27 
3 4 7 18 27 
0 2 8 18 27 
0 2 10 18 27 
2 3 10 18 27 
3 4 10 18 27 
0 8 10 18 27 
0 2 8 20 27 
0 8 10 20 27 
4 5 14 20 27 
4 10 14 20 27 
5 11 14 20 27 
4 5 18 20 27 
2 7 18 21 27 
2 8 18 21 27 
4 10 18 21 27 
8 10 18 21 27 
2 8 20 21 27 
4 10 20 21 27 
8 10 20 21 27 
4 18 20 21 27 
2 7 15 22 27 
0 10 15 22 27 
2 11 15 22 27 
10 11 15 22 27 
7 15 16 22 27 
4 5 14 24 27 
4 10 14 24 27 
5 11 14 24 27 
0 2 16 24 27 
2 7 16 24 27 
0 15 16 24 27 
0 2 20 24 27 
0 10 20 24 27 
10 14 20 24 27 
2 7 21 24 27 
7 18 21 24 27 
2 20 21 24 27 
0 15 22 24 27 
2 3 7 25 27 
3 4 7 25 27 
2 3 10 25 27 
3 4 10 25 27 
2 5 10 25 27 
5 10 11 25 27 
2 5 12 25 27 
4 5 12 25 27 
2 7 12 25 27 
4 7 12 25 27 
11 14 20 25 27 
0 10 22 25 27 
10 11 22 25 27 
11 20 22 25 27 
4 5 24 25 27 
0 10 24 25 27 
4 10 24 25 27 
5 11 24 25 27 
11 14 24 25 27 
0 22 24 25 27 
2 5 11 26 27 
2 5 12 26 27 
4 5 12 26 27 
2 7 12 26 27 
4 7 12 26 27 
4 5 18 26 27 
4 7 18 26 27 
5 11 20 26 27 
5 18 20 26 27 
2 7 22 26 27 
2 11 22 26 27 
7 16 22 26 27 
11 20 22 26 27 
7 16 24 26 27 
7 18 24 26 27 
