5 129
0 1 2 11 14 
0 2 5 11 14 
1 4 7 11 16 
0 1 7 11 18 
0 1 11 14 18 
0 5 11 14 18 
0 1 7 16 21 
1 2 10 16 21 
1 2 11 16 21 
1 7 11 16 21 
0 1 14 16 21 
0 1 7 18 21 
0 5 11 18 21 
0 7 11 18 21 
1 7 11 18 21 
0 1 14 18 21 
1 4 14 18 21 
0 5 14 18 21 
5 11 14 18 21 
8 11 14 18 21 
1 2 4 7 22 
2 4 7 11 22 
2 4 8 11 22 
0 5 11 21 22 
0 5 14 21 22 
0 14 16 21 22 
0 2 5 7 23 
0 1 2 10 23 
0 1 7 10 23 
0 2 7 10 23 
0 5 7 11 23 
2 5 7 11 23 
0 1 2 14 23 
0 2 5 14 23 
0 1 7 14 23 
1 2 11 14 23 
2 5 11 14 23 
1 4 14 18 23 
1 11 14 18 23 
8 11 14 18 23 
1 2 10 21 23 
1 2 11 21 23 
2 8 11 21 23 
1 4 18 21 23 
1 11 18 21 23 
8 11 18 21 23 
4 14 18 21 23 
1 2 4 8 24 
1 2 8 11 24 
1 4 8 11 24 
0 1 7 14 24 
1 4 7 14 24 
0 1 7 16 24 
1 4 7 16 24 
1 2 10 16 24 
1 2 11 16 24 
1 4 11 16 24 
4 7 11 16 24 
0 1 14 16 24 
0 7 11 21 24 
2 8 11 21 24 
1 4 14 21 24 
0 7 16 21 24 
1 10 16 21 24 
2 10 16 21 24 
2 11 16 21 24 
7 11 16 21 24 
1 14 16 21 24 
1 2 4 22 24 
2 4 8 22 24 
0 7 11 22 24 
4 7 11 22 24 
4 8 11 22 24 
0 14 16 22 24 
0 11 21 22 24 
5 11 21 22 24 
0 16 21 22 24 
4 14 21 23 24 
1 2 7 10 26 
1 4 7 14 26 
5 11 14 21 26 
8 11 14 21 26 
8 14 18 21 26 
1 2 7 22 26 
1 4 7 22 26 
0 5 11 22 26 
0 7 11 22 26 
2 7 11 22 26 
2 8 11 22 26 
0 5 14 22 26 
5 14 21 22 26 
1 7 10 23 26 
2 7 10 23 26 
0 5 11 23 26 
0 7 11 23 26 
2 7 11 23 26 
2 8 11 23 26 
1 4 14 23 26 
0 5 14 23 26 
0 7 14 23 26 
1 7 14 23 26 
5 11 14 23 26 
8 11 14 23 26 
8 14 18 23 26 
1 4 21 23 26 
2 8 21 23 26 
1 10 21 23 26 
2 10 21 23 26 
8 18 21 23 26 
1 2 10 24 26 
0 7 14 24 26 
4 7 14 24 26 
1 4 21 24 26 
2 8 21 24 26 
1 10 21 24 26 
2 10 21 24 26 
5 11 21 24 26 
8 11 21 24 26 
1 2 22 24 26 
1 4 22 24 26 
0 7 22 24 26 
4 7 22 24 26 
2 8 22 24 26 
5 11 22 24 26 
8 11 22 24 26 
0 14 22 24 26 
5 21 22 24 26 
4 14 23 24 26 
4 21 23 24 26 
