5 166
1 2 3 9 14 
1 2 4 9 14 
2 3 4 9 14 
1 2 3 12 14 
1 3 7 12 14 
2 5 7 13 15 
4 5 7 13 15 
2 3 4 14 15 
2 4 5 14 15 
1 3 4 7 16 
1 3 4 9 16 
1 3 7 14 16 
1 3 9 14 16 
3 4 9 14 16 
1 2 12 14 16 
2 3 12 14 16 
1 7 12 14 16 
3 7 12 14 16 
2 3 14 15 16 
3 4 14 15 16 
2 5 14 15 16 
4 13 14 15 16 
0 4 13 15 17 
0 7 13 15 17 
4 13 14 15 17 
0 4 7 16 17 
1 4 7 16 17 
1 4 9 16 17 
1 2 12 16 17 
1 7 12 16 17 
0 4 13 16 17 
0 7 13 16 17 
7 12 15 16 17 
7 13 15 16 17 
13 14 15 16 17 
1 2 4 14 18 
2 4 5 14 18 
1 4 9 14 18 
1 2 14 16 18 
2 5 14 16 18 
1 9 14 16 18 
4 9 14 16 18 
4 13 14 16 18 
2 5 15 16 18 
5 14 15 16 18 
4 13 14 17 18 
1 2 15 17 18 
1 9 15 17 18 
1 2 16 17 18 
1 9 16 17 18 
4 9 16 17 18 
4 13 16 17 18 
13 14 16 17 18 
2 4 5 13 21 
0 4 13 15 21 
2 5 13 15 21 
4 5 13 15 21 
0 7 13 15 21 
2 7 13 15 21 
1 9 15 17 21 
9 15 17 18 21 
1 2 7 12 23 
1 2 4 13 23 
1 2 7 13 23 
4 5 14 15 23 
1 2 12 17 23 
1 7 12 17 23 
2 7 12 17 23 
4 5 14 17 23 
0 4 15 17 23 
4 14 15 17 23 
1 2 4 18 23 
2 4 5 18 23 
1 2 15 18 23 
2 5 15 18 23 
1 9 15 18 23 
5 14 15 18 23 
2 4 5 21 23 
0 4 13 21 23 
2 4 13 21 23 
0 7 13 21 23 
2 7 13 21 23 
1 2 15 21 23 
0 4 15 21 23 
2 5 15 21 23 
4 5 15 21 23 
1 9 15 21 23 
1 2 17 21 23 
0 7 17 21 23 
2 7 17 21 23 
1 9 17 21 23 
9 15 18 21 23 
9 17 18 21 23 
2 3 4 7 24 
2 4 5 7 24 
2 3 7 12 24 
2 3 4 15 24 
2 4 5 15 24 
3 4 7 15 24 
2 5 7 15 24 
4 5 7 15 24 
2 3 12 15 24 
3 7 12 15 24 
2 7 12 17 24 
1 2 15 17 24 
0 7 15 17 24 
2 12 15 17 24 
7 12 15 17 24 
1 2 15 21 24 
0 7 15 21 24 
2 7 15 21 24 
1 2 17 21 24 
0 7 17 21 24 
2 7 17 21 24 
1 15 17 21 24 
0 15 17 23 24 
0 15 21 23 24 
0 17 21 23 24 
0 4 7 13 26 
3 4 7 15 26 
2 3 12 15 26 
3 7 12 15 26 
4 7 13 15 26 
0 4 7 16 26 
3 4 7 16 26 
2 3 12 16 26 
3 7 12 16 26 
0 4 13 16 26 
0 7 13 16 26 
2 3 15 16 26 
3 4 15 16 26 
7 12 15 16 26 
4 13 15 16 26 
7 13 15 16 26 
2 12 15 17 26 
2 12 16 17 26 
12 15 16 17 26 
2 15 16 18 26 
2 15 17 18 26 
2 16 17 18 26 
0 1 4 7 27 
0 1 4 13 27 
0 1 7 13 27 
0 4 7 17 27 
1 4 7 17 27 
1 4 9 17 27 
4 5 14 17 27 
1 4 9 18 27 
4 5 14 18 27 
4 9 17 18 27 
4 14 17 18 27 
0 4 13 23 27 
1 4 13 23 27 
0 7 13 23 27 
1 7 13 23 27 
0 4 17 23 27 
4 5 17 23 27 
0 7 17 23 27 
1 7 17 23 27 
1 9 17 23 27 
5 14 17 23 27 
1 4 18 23 27 
4 5 18 23 27 
1 9 18 23 27 
5 14 18 23 27 
9 17 18 23 27 
