5 214
0 3 5 11 15 
3 5 7 11 15 
3 6 7 11 15 
2 6 10 11 15 
3 6 10 11 15 
1 2 6 7 17 
2 6 7 8 17 
6 7 8 11 17 
1 6 7 12 17 
2 7 8 11 19 
6 7 11 15 19 
6 8 11 15 19 
1 7 12 15 19 
6 7 12 15 19 
1 3 7 16 19 
3 5 7 16 19 
1 2 6 17 19 
1 2 7 17 19 
2 6 8 17 19 
2 7 8 17 19 
6 7 11 17 19 
6 8 11 17 19 
7 8 11 17 19 
1 7 12 17 19 
6 7 12 17 19 
1 4 6 12 20 
1 3 11 18 20 
1 4 6 19 20 
1 4 10 19 20 
4 6 10 19 20 
1 3 11 19 20 
1 10 11 19 20 
1 3 17 19 20 
1 6 17 19 20 
6 10 17 19 20 
0 1 3 5 21 
1 3 5 7 21 
1 2 6 10 21 
1 4 6 10 21 
0 1 3 11 21 
0 1 5 11 21 
1 2 7 11 21 
1 5 7 11 21 
1 2 10 11 21 
0 3 5 19 21 
1 2 6 19 21 
1 4 6 19 21 
1 2 7 19 21 
1 3 7 19 21 
3 5 7 19 21 
2 6 8 19 21 
1 4 10 19 21 
4 6 10 19 21 
0 3 11 19 21 
1 3 11 19 21 
0 5 11 19 21 
2 7 11 19 21 
5 7 11 19 21 
1 10 11 19 21 
2 10 11 19 21 
6 12 15 19 21 
1 3 7 12 22 
1 3 11 12 22 
1 3 11 18 22 
3 5 16 19 22 
3 5 16 20 22 
3 5 18 20 22 
2 11 18 20 22 
3 11 18 20 22 
10 17 19 20 22 
2 6 8 11 23 
2 8 11 19 23 
2 10 11 19 23 
2 10 11 20 23 
3 11 19 20 23 
10 11 19 20 23 
3 16 19 20 23 
2 6 8 22 23 
2 6 11 22 23 
6 8 11 22 23 
2 8 19 22 23 
2 10 19 22 23 
3 11 19 22 23 
8 11 19 22 23 
3 16 19 22 23 
2 10 20 22 23 
2 11 20 22 23 
3 11 20 22 23 
3 16 20 22 23 
10 19 20 22 23 
3 6 7 12 24 
1 4 10 12 24 
3 6 10 12 24 
4 6 10 12 24 
1 10 11 12 24 
3 10 11 12 24 
0 3 5 15 24 
3 5 7 15 24 
3 6 7 15 24 
2 6 10 15 24 
3 6 10 15 24 
0 3 11 15 24 
0 5 11 15 24 
2 6 11 15 24 
5 7 11 15 24 
6 8 11 15 24 
2 10 11 15 24 
3 10 11 15 24 
1 6 12 15 24 
1 7 12 15 24 
6 7 12 15 24 
1 3 7 16 24 
3 5 7 16 24 
0 3 5 19 24 
0 3 11 19 24 
0 5 11 19 24 
5 7 11 19 24 
6 8 15 19 24 
5 7 16 19 24 
1 4 10 20 24 
2 6 10 20 24 
4 6 10 20 24 
1 10 11 20 24 
2 10 11 20 24 
1 4 12 20 24 
1 6 12 20 24 
4 6 12 20 24 
1 3 16 20 24 
3 5 16 20 24 
1 6 16 20 24 
2 6 16 20 24 
1 3 18 20 24 
3 5 18 20 24 
1 11 18 20 24 
2 11 18 20 24 
6 8 19 21 24 
6 15 19 21 24 
1 3 7 22 24 
2 6 8 22 24 
2 6 11 22 24 
6 8 11 22 24 
1 7 12 22 24 
3 7 12 22 24 
1 11 12 22 24 
3 11 12 22 24 
1 3 18 22 24 
3 5 18 22 24 
1 11 18 22 24 
2 11 18 22 24 
3 5 19 22 24 
2 8 19 22 24 
3 11 19 22 24 
8 11 19 22 24 
5 16 19 22 24 
5 16 20 22 24 
5 18 20 22 24 
1 7 15 19 25 
7 11 15 19 25 
8 11 15 19 25 
1 7 16 19 25 
1 15 16 19 25 
1 7 15 24 25 
7 11 15 24 25 
8 11 15 24 25 
1 7 16 24 25 
1 15 16 24 25 
7 11 19 24 25 
8 11 19 24 25 
8 15 19 24 25 
7 16 19 24 25 
1 6 12 15 27 
1 6 12 17 27 
1 12 15 19 27 
1 3 16 19 27 
1 15 16 19 27 
1 3 17 19 27 
6 10 17 19 27 
1 12 17 19 27 
6 12 17 19 27 
2 6 10 20 27 
1 3 16 20 27 
1 6 16 20 27 
2 6 16 20 27 
1 3 17 20 27 
1 6 17 20 27 
6 10 17 20 27 
3 16 19 20 27 
3 17 19 20 27 
2 6 8 21 27 
2 6 10 21 27 
6 12 15 21 27 
2 8 19 21 27 
2 10 19 21 27 
6 10 19 21 27 
6 12 19 21 27 
12 15 19 21 27 
2 10 19 22 27 
10 17 19 22 27 
2 10 20 22 27 
10 17 20 22 27 
2 18 20 22 27 
2 6 8 24 27 
1 6 15 24 27 
1 6 16 24 27 
2 6 16 24 27 
1 15 16 24 27 
2 8 19 24 27 
2 16 20 24 27 
2 18 20 24 27 
6 8 21 24 27 
6 15 21 24 27 
8 19 21 24 27 
2 18 22 24 27 
2 19 22 24 27 
