5 143
0 5 7 11 15 
0 1 2 6 18 
0 1 2 9 18 
0 1 6 9 18 
0 6 9 11 18 
0 2 5 6 20 
0 2 5 9 20 
2 5 6 9 20 
5 6 9 11 20 
0 2 6 18 22 
1 2 6 18 22 
0 2 9 18 22 
1 2 9 18 22 
0 6 11 18 22 
5 7 11 18 22 
0 9 11 18 22 
5 9 11 18 22 
0 7 11 20 22 
0 6 20 21 22 
1 6 20 21 22 
0 5 7 9 23 
0 7 9 11 23 
5 7 9 11 23 
0 2 9 16 23 
1 2 9 16 23 
0 5 9 16 23 
0 5 7 22 23 
0 2 9 22 23 
1 2 9 22 23 
0 7 11 22 23 
5 7 11 22 23 
0 9 11 22 23 
5 9 11 22 23 
0 2 16 22 23 
0 5 16 22 23 
1 9 16 22 23 
5 9 16 22 23 
0 5 7 15 25 
0 2 9 15 25 
0 5 9 15 25 
0 2 9 16 25 
1 2 9 16 25 
0 5 9 16 25 
0 2 6 20 25 
1 2 6 20 25 
1 2 9 21 25 
2 9 15 21 25 
0 2 6 22 25 
1 2 6 22 25 
0 5 7 22 25 
0 2 16 22 25 
0 5 16 22 25 
5 9 16 22 25 
0 6 20 22 25 
1 6 20 22 25 
0 7 20 22 25 
1 20 21 22 25 
1 2 16 23 25 
1 2 22 23 25 
2 16 22 23 25 
1 21 22 23 25 
1 2 6 9 26 
1 6 9 18 26 
5 7 11 18 26 
5 9 11 18 26 
6 9 11 18 26 
1 2 6 20 26 
1 2 9 20 26 
2 6 9 20 26 
0 6 11 20 26 
5 7 11 20 26 
5 9 11 20 26 
6 9 11 20 26 
0 6 20 21 26 
1 6 20 21 26 
5 7 20 21 26 
1 9 20 21 26 
5 9 20 21 26 
0 6 11 22 26 
1 9 16 22 26 
1 6 18 22 26 
1 9 18 22 26 
5 9 18 22 26 
6 11 18 22 26 
7 11 18 22 26 
0 11 20 22 26 
7 11 20 22 26 
0 6 21 22 26 
1 6 21 22 26 
0 20 21 22 26 
1 16 22 23 26 
1 21 22 23 26 
1 9 16 25 26 
1 9 21 25 26 
9 15 21 25 26 
5 9 22 25 26 
9 16 22 25 26 
5 18 22 25 26 
1 16 23 25 26 
1 21 23 25 26 
0 5 6 11 27 
0 2 9 15 27 
0 5 9 15 27 
0 5 11 15 27 
0 7 11 15 27 
5 7 11 15 27 
0 5 6 20 27 
0 2 9 20 27 
1 2 9 20 27 
0 5 9 20 27 
0 6 11 20 27 
5 6 11 20 27 
0 7 11 20 27 
5 7 11 20 27 
1 2 9 21 27 
2 9 15 21 27 
5 7 20 21 27 
1 9 20 21 27 
5 9 20 21 27 
5 7 18 22 27 
0 2 15 25 27 
0 7 15 25 27 
5 7 15 25 27 
5 9 15 25 27 
0 2 20 25 27 
1 2 20 25 27 
0 7 20 25 27 
1 2 21 25 27 
2 15 21 25 27 
1 20 21 25 27 
5 7 22 25 27 
5 18 22 25 27 
7 20 22 25 27 
5 7 18 26 27 
5 7 21 26 27 
5 9 21 26 27 
9 15 21 26 27 
7 20 21 26 27 
7 18 22 26 27 
7 20 22 26 27 
5 9 25 26 27 
9 15 25 26 27 
5 18 25 26 27 
