5 162
0 1 3 7 16 
0 3 5 7 16 
0 1 7 11 16 
1 3 7 11 16 
0 3 5 13 16 
0 5 7 13 16 
0 7 11 13 16 
0 1 3 15 16 
3 5 7 15 16 
0 1 11 15 16 
0 3 13 15 16 
3 5 13 15 16 
5 7 13 15 16 
0 11 13 15 16 
0 1 4 6 17 
0 1 6 11 17 
0 4 6 11 17 
0 1 3 15 17 
0 1 11 15 17 
0 3 13 15 17 
0 11 13 15 17 
1 3 4 9 19 
1 3 4 11 19 
1 4 6 11 19 
1 9 15 16 21 
1 11 15 16 21 
4 11 15 16 21 
1 3 14 17 21 
1 11 14 17 21 
1 3 9 15 23 
1 3 11 16 23 
3 7 11 16 23 
7 11 13 16 23 
1 3 15 16 23 
3 7 15 16 23 
1 9 15 16 23 
4 11 15 16 23 
7 13 15 16 23 
11 13 15 16 23 
1 4 6 19 23 
1 3 9 19 23 
1 4 9 19 23 
1 3 11 19 23 
1 6 11 19 23 
4 6 11 19 23 
3 7 11 19 23 
7 11 13 19 23 
7 13 15 19 23 
7 15 17 19 23 
1 4 6 21 23 
1 4 9 21 23 
1 6 11 21 23 
4 6 11 21 23 
3 7 15 21 23 
3 9 15 21 23 
1 9 16 21 23 
1 11 16 21 23 
4 11 16 21 23 
9 15 16 21 23 
3 7 17 21 23 
7 15 17 21 23 
3 5 7 15 25 
3 5 13 15 25 
5 7 13 15 25 
0 1 3 17 25 
0 1 4 17 25 
1 4 6 17 25 
0 4 11 17 25 
1 6 11 17 25 
4 6 11 17 25 
0 3 13 17 25 
0 11 13 17 25 
1 3 14 17 25 
1 11 14 17 25 
11 13 14 17 25 
3 7 15 17 25 
3 13 15 17 25 
3 4 9 19 25 
3 4 11 19 25 
3 7 11 19 25 
7 11 13 19 25 
7 13 15 19 25 
7 15 17 19 25 
0 1 4 21 25 
1 4 6 21 25 
1 6 11 21 25 
4 6 11 21 25 
1 3 14 21 25 
1 11 14 21 25 
4 11 15 21 25 
4 15 16 21 25 
3 14 17 21 25 
4 11 15 23 25 
11 13 15 23 25 
4 15 16 23 25 
3 7 17 23 25 
3 7 19 23 25 
3 9 19 23 25 
4 9 19 23 25 
4 11 19 23 25 
11 13 19 23 25 
13 15 19 23 25 
7 17 19 23 25 
4 9 21 23 25 
4 16 21 23 25 
0 1 3 9 26 
0 1 4 9 26 
0 3 4 9 26 
1 3 9 15 26 
11 13 14 17 26 
1 3 15 17 26 
3 7 15 17 26 
1 11 15 17 26 
11 13 15 17 26 
0 1 3 21 26 
0 1 4 21 26 
0 3 4 21 26 
1 4 9 21 26 
3 4 9 21 26 
3 7 15 21 26 
1 9 15 21 26 
3 9 15 21 26 
1 11 15 21 26 
1 3 17 21 26 
3 7 17 21 26 
1 11 17 21 26 
11 14 17 21 26 
7 15 17 21 26 
11 13 14 25 26 
11 13 15 25 26 
13 14 17 25 26 
13 15 17 25 26 
11 14 21 25 26 
11 15 21 25 26 
0 3 4 11 27 
3 5 7 13 27 
0 3 11 13 27 
3 7 11 13 27 
0 1 3 21 27 
0 3 4 21 27 
3 4 9 21 27 
3 9 21 23 27 
3 17 21 23 27 
0 1 3 25 27 
3 5 7 25 27 
3 4 9 25 27 
0 4 11 25 27 
3 4 11 25 27 
3 7 11 25 27 
0 3 13 25 27 
3 5 13 25 27 
5 7 13 25 27 
0 11 13 25 27 
7 11 13 25 27 
0 1 21 25 27 
1 3 21 25 27 
0 4 21 25 27 
4 9 21 25 27 
3 17 21 25 27 
3 9 23 25 27 
3 17 23 25 27 
9 21 23 25 27 
