5 174
1 2 8 9 14 
0 1 2 13 14 
0 1 3 13 14 
0 2 8 13 14 
0 3 8 13 14 
1 2 9 13 14 
2 8 9 13 14 
3 7 8 14 16 
3 7 13 14 16 
3 8 13 14 16 
8 9 13 14 16 
1 2 4 15 16 
1 2 8 15 16 
0 1 2 4 17 
1 2 4 15 17 
1 2 8 15 17 
1 8 11 16 17 
8 11 14 16 17 
1 8 15 16 17 
1 11 15 16 17 
1 3 7 8 18 
1 3 7 13 18 
1 7 8 13 18 
1 8 9 13 18 
0 1 2 14 18 
0 1 4 14 18 
0 2 8 14 18 
1 2 8 14 18 
1 8 9 14 18 
1 9 13 14 18 
0 2 8 16 18 
2 4 15 16 18 
2 8 15 16 18 
0 1 2 17 18 
0 1 4 17 18 
0 2 4 17 18 
1 2 8 17 18 
1 8 11 17 18 
1 4 15 17 18 
2 4 15 17 18 
2 8 15 17 18 
1 11 15 17 18 
8 15 16 17 18 
1 2 8 11 19 
0 1 3 14 19 
0 1 4 14 19 
0 3 8 14 19 
3 7 8 14 19 
1 2 4 16 19 
0 2 8 16 19 
1 2 8 16 19 
1 8 11 16 19 
0 2 4 18 19 
0 2 16 18 19 
2 4 16 18 19 
1 3 13 14 21 
3 7 13 14 21 
8 9 14 16 21 
8 11 14 16 21 
7 13 14 16 21 
9 13 14 16 21 
1 4 15 16 21 
1 11 15 16 21 
11 14 16 17 21 
11 15 16 17 21 
1 3 8 18 21 
3 7 8 18 21 
1 8 11 18 21 
1 3 13 18 21 
3 7 13 18 21 
7 8 13 18 21 
8 9 13 18 21 
1 4 14 18 21 
8 9 14 18 21 
8 11 14 18 21 
1 13 14 18 21 
9 13 14 18 21 
1 4 15 18 21 
1 11 15 18 21 
4 15 16 18 21 
11 14 17 18 21 
11 15 17 18 21 
1 3 14 19 21 
1 4 14 19 21 
3 7 14 19 21 
1 4 16 19 21 
8 9 16 19 21 
1 11 16 19 21 
8 11 16 19 21 
4 14 18 19 21 
4 16 18 19 21 
3 7 8 13 23 
3 7 8 16 23 
3 7 13 16 23 
3 8 13 16 23 
8 9 13 16 23 
0 8 16 19 23 
8 9 16 19 23 
0 8 16 18 25 
0 8 18 19 25 
0 16 18 19 25 
7 8 13 23 25 
8 9 13 23 25 
0 8 16 23 25 
7 8 16 23 25 
7 13 16 23 25 
9 13 16 23 25 
0 8 19 23 25 
8 9 19 23 25 
0 16 19 23 25 
7 8 14 17 26 
8 11 14 17 26 
0 4 14 18 26 
0 8 14 18 26 
8 11 14 18 26 
8 11 17 18 26 
11 14 17 18 26 
0 4 14 19 26 
0 8 14 19 26 
7 8 14 19 26 
7 8 17 19 26 
7 14 17 19 26 
0 4 18 19 26 
0 8 18 19 26 
4 14 18 19 26 
8 17 18 19 26 
0 1 3 8 27 
0 1 4 8 27 
0 2 4 8 27 
1 2 4 11 27 
1 4 8 11 27 
2 4 8 11 27 
7 8 14 16 27 
7 8 14 17 27 
8 14 16 17 27 
8 16 17 18 27 
0 1 3 19 27 
0 1 4 19 27 
0 2 4 19 27 
1 2 4 19 27 
0 2 8 19 27 
0 3 8 19 27 
3 7 8 19 27 
1 2 11 19 27 
2 8 11 19 27 
7 8 17 19 27 
7 14 17 19 27 
8 17 18 19 27 
1 3 8 21 27 
3 7 8 21 27 
1 8 11 21 27 
7 8 13 21 27 
8 9 13 21 27 
7 13 16 21 27 
9 13 16 21 27 
7 14 16 21 27 
1 3 19 21 27 
3 7 19 21 27 
8 9 19 21 27 
1 11 19 21 27 
8 11 19 21 27 
7 14 19 21 27 
9 16 19 21 27 
9 16 19 23 27 
7 8 13 25 27 
8 9 13 25 27 
7 8 16 25 27 
7 13 16 25 27 
9 13 16 25 27 
8 16 18 25 27 
8 9 19 25 27 
8 18 19 25 27 
9 16 23 25 27 
9 19 23 25 27 
