5 191
3 5 7 12 17 
0 5 7 11 18 
0 7 11 12 18 
5 7 11 12 18 
0 5 7 14 18 
0 5 11 14 18 
0 11 12 14 18 
5 11 12 14 18 
0 7 13 14 18 
3 7 12 17 18 
5 7 12 17 18 
3 7 13 17 18 
5 7 14 17 18 
5 12 14 17 18 
10 12 14 17 18 
7 13 14 17 18 
0 5 7 13 19 
3 5 7 13 19 
0 5 7 14 19 
0 5 11 14 19 
5 11 12 14 19 
0 7 13 14 19 
3 5 7 17 19 
0 5 13 17 19 
3 5 13 17 19 
3 7 13 17 19 
5 7 14 17 19 
0 11 14 17 19 
5 12 14 17 19 
0 13 14 17 19 
7 13 14 17 19 
0 3 7 12 20 
0 3 5 13 20 
0 3 7 13 20 
0 11 14 17 21 
0 13 14 17 21 
3 7 13 18 21 
13 14 17 18 21 
11 14 17 19 21 
0 3 10 20 21 
0 3 12 20 21 
0 7 12 20 21 
3 7 12 20 21 
0 7 13 20 21 
3 7 13 20 21 
0 5 9 17 22 
0 9 10 17 22 
5 9 12 17 22 
9 10 12 17 22 
10 12 14 17 22 
3 10 14 18 22 
10 14 17 18 22 
0 5 11 19 22 
5 11 12 19 22 
11 12 14 19 22 
0 5 17 19 22 
0 11 17 19 22 
5 12 17 19 22 
12 14 17 19 22 
0 10 17 20 22 
0 11 17 20 22 
0 3 10 21 22 
3 10 18 21 22 
11 14 19 21 22 
11 17 19 21 22 
0 10 20 21 22 
0 11 20 21 22 
11 17 20 21 22 
0 3 5 10 23 
0 5 9 10 23 
1 3 10 12 23 
3 5 10 12 23 
5 9 10 12 23 
0 5 9 17 23 
0 9 10 17 23 
3 5 12 17 23 
5 9 12 17 23 
9 10 12 17 23 
0 5 13 17 23 
3 5 13 17 23 
0 11 17 21 23 
0 13 17 21 23 
13 17 18 21 23 
0 5 9 12 24 
0 9 10 12 24 
0 5 11 12 24 
0 11 12 14 24 
0 3 10 18 24 
0 10 12 18 24 
3 10 14 18 24 
0 12 14 18 24 
10 12 14 18 24 
0 13 14 18 24 
3 7 18 21 24 
0 5 9 22 24 
0 3 10 22 24 
0 9 10 22 24 
0 5 11 22 24 
5 9 12 22 24 
9 10 12 22 24 
5 11 12 22 24 
3 10 14 22 24 
0 11 14 22 24 
10 12 14 22 24 
11 12 14 22 24 
0 13 14 22 24 
3 14 18 22 24 
3 18 21 22 24 
0 3 21 22 25 
0 11 21 22 25 
3 7 21 24 25 
0 3 22 24 25 
3 21 22 24 25 
0 1 3 10 26 
0 1 3 12 26 
0 1 10 12 26 
0 3 10 18 26 
1 3 10 18 26 
1 3 12 18 26 
0 7 12 18 26 
3 7 12 18 26 
0 10 12 18 26 
1 10 12 18 26 
0 7 13 18 26 
0 3 12 21 26 
0 7 12 21 26 
3 7 12 21 26 
0 7 13 21 26 
0 11 14 21 26 
0 13 14 21 26 
7 13 18 21 26 
13 14 18 21 26 
0 11 14 22 26 
0 13 14 22 26 
11 14 21 22 26 
0 3 18 24 26 
3 7 18 24 26 
0 13 18 24 26 
13 14 18 24 26 
7 18 21 24 26 
0 13 22 24 26 
13 14 22 24 26 
0 3 21 25 26 
3 7 21 25 26 
0 11 21 25 26 
0 11 22 25 26 
11 21 22 25 26 
0 3 24 25 26 
3 7 24 25 26 
7 21 24 25 26 
0 22 24 25 26 
1 3 10 18 27 
1 3 12 18 27 
1 10 12 18 27 
3 12 17 18 27 
10 12 17 18 27 
3 13 17 18 27 
0 3 5 20 27 
0 3 10 20 27 
0 5 13 20 27 
3 5 13 20 27 
0 10 17 20 27 
0 11 17 20 27 
3 10 18 21 27 
3 13 18 21 27 
3 10 20 21 27 
0 11 20 21 27 
0 13 20 21 27 
3 13 20 21 27 
11 17 20 21 27 
10 17 18 22 27 
10 17 20 22 27 
10 18 21 22 27 
10 20 21 22 27 
0 3 5 23 27 
0 3 10 23 27 
1 3 10 23 27 
1 3 12 23 27 
1 10 12 23 27 
0 5 13 23 27 
3 5 13 23 27 
0 10 17 23 27 
0 11 17 23 27 
3 12 17 23 27 
10 12 17 23 27 
3 13 17 23 27 
13 17 18 23 27 
0 11 21 23 27 
0 13 21 23 27 
11 17 21 23 27 
13 18 21 23 27 
