5 176
1 4 7 9 14 
1 4 7 11 14 
2 4 7 11 14 
1 4 9 11 14 
2 4 9 11 14 
3 4 9 12 14 
3 7 9 12 14 
4 7 9 12 14 
2 3 4 9 15 
2 3 6 9 15 
2 3 4 10 15 
3 4 7 10 15 
3 4 7 12 15 
0 2 6 14 18 
2 4 7 14 18 
0 2 10 14 18 
2 4 10 14 18 
0 6 10 14 18 
4 7 10 14 18 
2 6 14 16 18 
2 7 14 16 18 
7 10 14 16 18 
1 7 9 11 20 
2 7 9 11 20 
0 2 6 14 21 
0 2 10 14 21 
0 6 10 14 21 
6 10 14 18 21 
6 14 16 18 22 
2 7 11 20 22 
2 3 18 20 22 
2 7 18 20 22 
7 12 18 20 22 
2 6 14 21 22 
2 3 18 21 22 
2 6 18 21 22 
6 14 18 21 22 
2 4 9 14 25 
3 4 9 14 25 
1 7 9 14 25 
3 7 9 14 25 
2 4 10 14 25 
4 7 10 14 25 
1 7 11 14 25 
2 7 11 14 25 
1 9 11 14 25 
2 9 11 14 25 
3 4 12 14 25 
3 7 12 14 25 
4 7 12 14 25 
2 6 14 16 25 
2 7 14 16 25 
7 10 14 16 25 
2 6 16 18 25 
2 7 16 18 25 
7 10 16 18 25 
10 14 16 18 25 
2 4 10 21 25 
2 10 14 21 25 
7 10 18 21 25 
10 14 18 21 25 
2 7 11 22 25 
2 6 14 22 25 
6 14 16 22 25 
2 6 18 22 25 
2 7 18 22 25 
7 12 18 22 25 
6 16 18 22 25 
12 18 20 22 25 
2 14 21 22 25 
0 2 4 6 26 
2 4 6 7 26 
2 6 7 9 26 
3 6 7 9 26 
0 2 4 10 26 
0 4 6 10 26 
3 6 7 10 26 
4 6 7 10 26 
2 3 6 15 26 
2 6 9 15 26 
3 6 9 15 26 
1 9 11 15 26 
2 9 11 15 26 
0 2 6 18 26 
2 3 6 18 26 
2 4 7 18 26 
0 2 10 18 26 
2 4 10 18 26 
0 6 10 18 26 
3 6 10 18 26 
3 7 10 18 26 
4 7 10 18 26 
3 7 12 18 26 
1 7 9 20 26 
2 7 9 20 26 
1 7 11 20 26 
1 9 11 20 26 
2 9 11 20 26 
2 3 18 20 26 
2 7 18 20 26 
7 12 18 20 26 
3 12 18 21 26 
2 3 20 22 26 
2 11 20 22 26 
7 11 20 22 26 
7 12 20 22 26 
3 18 20 22 26 
2 3 21 22 26 
3 18 21 22 26 
1 7 9 25 26 
3 7 9 25 26 
1 7 11 25 26 
3 7 12 25 26 
1 11 15 25 26 
12 18 20 25 26 
7 11 22 25 26 
7 12 22 25 26 
11 15 22 25 26 
12 20 22 25 26 
0 2 6 10 27 
2 3 6 10 27 
2 4 9 15 27 
3 4 9 15 27 
2 3 10 15 27 
2 4 10 15 27 
3 7 10 15 27 
4 7 10 15 27 
1 9 11 15 27 
2 9 11 15 27 
3 4 12 15 27 
3 7 12 15 27 
4 7 12 15 27 
2 3 6 18 27 
3 6 10 18 27 
3 7 10 18 27 
3 7 12 18 27 
0 2 6 21 27 
0 2 10 21 27 
2 4 10 21 27 
0 6 10 21 27 
2 3 18 21 27 
2 6 18 21 27 
6 10 18 21 27 
7 10 18 21 27 
3 12 18 21 27 
2 4 9 25 27 
3 4 9 25 27 
4 7 10 25 27 
1 9 11 25 27 
2 9 11 25 27 
3 4 12 25 27 
4 7 12 25 27 
1 11 15 25 27 
7 12 18 25 27 
2 4 21 25 27 
4 10 21 25 27 
7 10 21 25 27 
7 18 21 25 27 
2 11 22 25 27 
11 15 22 25 27 
2 21 22 25 27 
2 3 15 26 27 
1 9 15 26 27 
3 9 15 26 27 
2 11 15 26 27 
2 3 21 26 27 
3 12 21 26 27 
12 18 21 26 27 
2 11 22 26 27 
11 15 22 26 27 
2 21 22 26 27 
1 9 25 26 27 
3 9 25 26 27 
3 12 25 26 27 
1 15 25 26 27 
12 18 25 26 27 
