5 158
2 4 7 11 15 
2 4 8 11 15 
2 4 7 13 15 
3 4 7 12 17 
3 4 7 13 17 
3 7 12 13 17 
1 2 4 13 18 
1 2 12 13 18 
1 4 12 13 18 
2 7 12 13 18 
7 12 13 14 18 
3 4 12 15 19 
4 7 13 15 19 
4 12 13 15 19 
4 7 11 17 21 
3 4 12 17 21 
4 7 12 17 21 
3 4 13 17 21 
3 12 13 17 21 
7 12 13 17 21 
3 12 15 19 21 
2 4 8 15 22 
2 7 11 15 22 
4 7 11 15 22 
2 8 11 15 22 
4 8 11 15 22 
3 4 12 15 22 
2 4 13 15 22 
2 7 13 15 22 
4 12 13 15 22 
4 7 11 17 22 
2 7 11 18 22 
3 4 12 18 22 
2 4 13 18 22 
2 7 13 18 22 
4 12 13 18 22 
7 11 14 18 22 
3 12 14 18 22 
7 13 14 18 22 
12 13 14 18 22 
3 4 15 19 22 
4 7 15 19 22 
7 13 15 19 22 
12 13 15 19 22 
2 4 8 21 22 
2 8 11 21 22 
4 8 11 21 22 
7 11 14 21 22 
7 13 14 21 22 
3 12 15 21 22 
2 4 17 21 22 
4 11 17 21 22 
11 14 18 21 22 
7 13 19 21 22 
12 13 19 21 22 
12 15 19 21 22 
7 12 13 14 23 
7 13 14 21 23 
1 2 4 12 24 
2 4 8 12 24 
2 7 11 12 24 
4 7 11 12 24 
2 8 11 12 24 
4 8 11 12 24 
1 2 4 21 24 
2 4 8 21 24 
2 7 11 21 24 
4 7 11 21 24 
2 8 11 21 24 
4 8 11 21 24 
1 2 12 21 24 
1 4 12 21 24 
4 7 12 21 24 
7 12 13 21 24 
3 12 14 22 24 
12 13 14 22 24 
3 12 21 22 24 
12 13 21 22 24 
13 14 21 22 24 
3 15 21 22 24 
2 7 12 23 24 
7 12 13 23 24 
12 13 14 23 24 
2 7 21 23 24 
2 12 21 23 24 
3 12 21 23 24 
7 13 21 23 24 
13 14 21 23 24 
1 2 4 18 26 
2 7 11 18 26 
1 2 12 18 26 
1 4 12 18 26 
3 4 12 18 26 
2 7 12 18 26 
7 11 14 18 26 
3 12 14 18 26 
7 12 14 18 26 
1 2 4 21 26 
2 7 11 21 26 
1 2 12 21 26 
1 4 12 21 26 
3 4 12 21 26 
7 11 14 21 26 
11 14 18 21 26 
2 4 19 21 26 
3 4 19 21 26 
3 15 19 21 26 
2 4 18 22 26 
3 4 18 22 26 
2 11 18 22 26 
3 14 18 22 26 
2 4 19 22 26 
3 4 19 22 26 
3 15 19 22 26 
2 11 21 22 26 
2 17 21 22 26 
11 18 21 22 26 
2 7 12 23 26 
7 12 14 23 26 
2 7 21 23 26 
2 12 21 23 26 
3 12 21 23 26 
7 14 21 23 26 
3 12 14 24 26 
3 15 21 24 26 
3 14 22 24 26 
3 15 22 24 26 
3 12 23 24 26 
12 14 23 24 26 
3 21 23 24 26 
3 4 12 13 27 
4 7 13 17 27 
3 4 12 19 27 
4 7 13 19 27 
4 12 13 19 27 
3 4 13 21 27 
3 12 13 21 27 
2 4 17 21 27 
7 11 17 21 27 
4 13 17 21 27 
7 13 17 21 27 
2 4 19 21 27 
3 4 19 21 27 
3 12 19 21 27 
7 13 19 21 27 
12 13 19 21 27 
2 4 17 22 27 
4 7 17 22 27 
7 11 17 22 27 
2 4 19 22 27 
4 7 19 22 27 
7 11 21 22 27 
11 17 21 22 27 
7 19 21 22 27 
2 17 21 26 27 
2 19 21 26 27 
2 17 22 26 27 
2 19 22 26 27 
