5 167
0 5 8 12 15 
0 4 11 12 15 
4 5 11 12 15 
0 8 11 12 15 
5 8 11 12 15 
0 4 5 14 16 
0 4 12 14 16 
0 4 10 15 16 
0 4 12 15 16 
0 3 10 11 17 
0 8 11 15 17 
5 8 11 15 17 
0 4 10 16 17 
0 12 14 16 17 
1 4 15 16 17 
4 10 15 16 17 
0 2 5 11 18 
0 5 8 11 18 
0 2 5 14 18 
0 4 5 14 18 
0 2 11 14 18 
2 5 11 14 18 
0 8 11 14 18 
5 8 11 14 18 
0 4 12 14 18 
3 4 5 15 18 
4 5 12 15 18 
3 4 5 16 18 
3 5 14 16 18 
4 5 14 16 18 
4 12 14 16 18 
3 4 15 16 18 
0 10 15 16 18 
0 12 15 16 18 
4 12 15 16 18 
0 10 16 17 18 
0 12 16 17 18 
12 14 16 17 18 
10 15 16 17 18 
1 3 4 5 20 
0 2 5 14 20 
1 3 4 16 20 
0 4 5 16 20 
3 4 5 16 20 
0 5 14 16 20 
2 5 14 16 20 
0 2 5 17 20 
1 3 5 17 20 
0 4 5 17 20 
1 4 5 17 20 
0 2 14 17 20 
1 3 16 17 20 
0 4 16 17 20 
1 4 16 17 20 
2 5 16 17 20 
3 5 16 17 20 
0 14 16 17 20 
3 4 5 11 22 
0 4 10 11 22 
3 4 10 11 22 
3 4 5 15 22 
0 4 10 15 22 
0 4 11 15 22 
4 5 11 15 22 
1 3 4 16 22 
1 4 15 16 22 
3 4 15 16 22 
2 5 15 16 22 
3 5 15 16 22 
1 3 4 17 22 
3 4 10 17 22 
3 5 11 17 22 
0 10 11 17 22 
3 10 11 17 22 
1 4 15 17 22 
2 5 15 17 22 
0 10 15 17 22 
4 10 15 17 22 
0 11 15 17 22 
5 11 15 17 22 
1 3 16 17 22 
2 5 16 17 22 
3 5 16 17 22 
1 15 16 17 22 
0 5 8 15 23 
5 8 14 17 23 
2 5 15 17 23 
0 8 15 17 23 
5 8 15 17 23 
0 10 15 17 23 
0 5 8 18 23 
3 5 14 18 23 
0 8 14 18 23 
5 8 14 18 23 
0 12 14 18 23 
0 10 17 18 23 
10 15 17 18 23 
0 1 3 4 25 
0 1 3 5 25 
0 2 3 5 25 
0 1 4 5 25 
0 3 4 10 25 
0 2 3 11 25 
2 3 5 11 25 
0 2 11 14 25 
2 5 11 14 25 
0 8 11 14 25 
5 8 11 14 25 
1 3 4 17 25 
0 2 5 17 25 
1 3 5 17 25 
0 4 5 17 25 
1 4 5 17 25 
0 3 10 17 25 
0 4 10 17 25 
3 4 10 17 25 
0 3 11 17 25 
3 5 11 17 25 
0 8 11 17 25 
5 8 11 17 25 
0 2 14 17 25 
2 5 14 17 25 
5 8 14 17 25 
0 12 14 17 25 
0 12 17 18 25 
12 14 17 18 25 
0 8 14 23 25 
0 12 14 23 25 
0 8 17 23 25 
8 14 17 23 25 
0 12 18 23 25 
12 14 18 23 25 
0 17 18 23 25 
0 4 5 12 26 
0 5 12 15 26 
2 5 14 16 26 
3 5 14 16 26 
2 5 15 16 26 
3 5 15 16 26 
2 5 14 17 26 
0 4 5 18 26 
0 4 12 18 26 
4 5 12 18 26 
3 5 15 18 26 
0 10 15 18 26 
0 12 15 18 26 
5 12 15 18 26 
3 14 16 18 26 
3 15 16 18 26 
2 14 16 20 26 
2 14 17 20 26 
2 16 17 20 26 
2 15 16 22 26 
2 15 17 22 26 
2 16 17 22 26 
3 5 14 23 26 
0 5 15 23 26 
2 5 15 23 26 
0 10 15 23 26 
2 5 17 23 26 
5 14 17 23 26 
2 15 17 23 26 
0 5 18 23 26 
3 5 18 23 26 
0 10 18 23 26 
3 14 18 23 26 
10 15 18 23 26 
