5 216
1 10 11 13 15 
4 10 11 13 15 
1 6 10 12 16 
2 6 10 16 17 
1 10 11 16 17 
1 10 12 16 17 
6 10 12 16 17 
1 5 7 8 18 
0 4 6 10 18 
1 4 6 10 18 
1 4 10 11 18 
1 4 11 13 18 
0 4 10 15 18 
0 6 10 15 18 
4 10 11 15 18 
4 5 13 15 18 
1 11 13 15 18 
4 11 13 15 18 
1 6 10 16 18 
2 6 10 16 18 
1 10 11 16 18 
2 10 15 16 18 
1 11 15 16 18 
10 11 15 16 18 
1 13 15 16 18 
5 13 15 16 18 
1 4 6 17 18 
4 6 12 17 18 
0 10 15 16 19 
2 10 15 16 19 
2 10 16 17 19 
10 11 16 17 19 
2 6 10 18 19 
2 10 15 18 19 
6 10 15 18 19 
6 12 15 18 19 
2 15 16 18 19 
2 6 17 18 19 
6 12 17 18 19 
2 16 17 18 19 
0 2 4 6 20 
0 2 4 10 20 
0 2 6 10 20 
0 6 10 15 20 
0 4 6 18 20 
4 6 12 18 20 
0 4 15 18 20 
4 5 15 18 20 
0 6 15 18 20 
6 12 15 18 20 
2 4 6 19 20 
0 4 10 19 20 
2 4 10 19 20 
2 6 10 19 20 
4 6 12 19 20 
0 4 15 19 20 
4 5 15 19 20 
0 10 15 19 20 
6 10 15 19 20 
6 12 15 19 20 
4 5 18 19 20 
4 12 18 19 20 
12 15 18 19 20 
1 5 7 15 21 
1 4 8 15 21 
1 5 8 15 21 
4 5 8 15 21 
1 7 13 15 21 
5 7 13 15 21 
1 4 15 16 21 
1 13 15 16 21 
5 13 15 16 21 
1 13 16 17 21 
1 5 7 18 21 
1 5 8 18 21 
4 5 8 18 21 
1 7 13 18 21 
5 7 13 18 21 
5 13 16 18 21 
5 15 16 18 21 
4 5 15 19 21 
1 4 17 19 21 
4 12 17 19 21 
4 5 18 19 21 
4 12 18 19 21 
12 17 18 19 21 
5 15 18 20 21 
5 15 19 20 21 
5 18 19 20 21 
1 4 8 13 22 
4 5 8 13 22 
1 7 8 13 22 
5 7 8 13 22 
4 5 8 18 22 
1 7 8 18 22 
5 7 8 18 22 
1 4 13 18 22 
4 5 13 18 22 
1 7 13 18 22 
5 7 13 18 22 
1 4 17 18 22 
1 6 17 18 22 
2 6 17 18 22 
4 12 17 18 22 
1 4 17 21 22 
1 6 17 21 22 
4 12 17 21 22 
12 17 18 21 22 
1 4 6 12 23 
1 4 8 12 23 
1 6 12 16 23 
1 4 6 17 23 
1 4 8 17 23 
4 6 12 17 23 
1 8 12 17 23 
4 8 12 17 23 
2 6 16 17 23 
1 12 16 17 23 
6 12 16 17 23 
1 13 16 17 23 
2 16 17 18 23 
1 6 16 18 24 
2 6 16 18 24 
1 13 16 18 24 
1 6 17 21 24 
1 13 17 21 24 
13 16 17 21 24 
1 6 18 21 24 
1 13 18 21 24 
13 16 18 21 24 
2 6 17 22 24 
2 6 18 22 24 
2 17 18 22 24 
6 17 21 22 24 
1 6 16 23 24 
2 6 16 23 24 
1 13 16 23 24 
1 6 17 23 24 
2 6 17 23 24 
1 13 17 23 24 
13 16 17 23 24 
2 16 18 23 24 
2 17 18 23 24 
1 4 8 21 26 
1 6 18 21 26 
1 8 18 21 26 
4 8 18 21 26 
4 12 18 21 26 
1 4 8 22 26 
1 6 18 22 26 
1 8 18 22 26 
4 8 18 22 26 
4 12 18 22 26 
1 4 21 22 26 
1 6 21 22 26 
4 12 21 22 26 
12 18 21 22 26 
6 18 21 24 26 
6 18 22 24 26 
6 21 22 24 26 
1 2 5 8 27 
2 4 5 8 27 
2 4 6 12 27 
1 2 8 12 27 
2 4 8 12 27 
1 2 10 12 27 
2 6 10 12 27 
1 2 5 13 27 
2 4 5 13 27 
1 5 7 13 27 
1 2 10 13 27 
2 4 10 13 27 
1 5 7 15 27 
1 4 8 15 27 
1 5 8 15 27 
4 5 8 15 27 
0 4 10 15 27 
1 10 11 15 27 
4 5 13 15 27 
1 7 13 15 27 
5 7 13 15 27 
1 10 13 15 27 
4 10 13 15 27 
1 4 15 16 27 
0 10 15 16 27 
1 11 15 16 27 
10 11 15 16 27 
1 4 8 17 27 
2 6 10 17 27 
1 10 11 17 27 
1 8 12 17 27 
4 8 12 17 27 
1 10 12 17 27 
6 10 12 17 27 
1 11 16 17 27 
2 4 6 19 27 
0 4 10 19 27 
2 4 10 19 27 
4 6 12 19 27 
0 4 15 19 27 
0 10 16 19 27 
10 11 16 19 27 
0 15 16 19 27 
1 4 17 19 27 
2 6 17 19 27 
2 10 17 19 27 
10 11 17 19 27 
4 12 17 19 27 
6 12 17 19 27 
11 16 17 19 27 
1 4 16 21 27 
4 15 16 21 27 
1 16 17 21 27 
1 4 19 21 27 
4 15 19 21 27 
1 17 19 21 27 
