5 178
0 6 7 10 14 
0 7 9 10 14 
2 5 6 11 14 
5 6 7 11 14 
6 7 10 11 14 
5 7 11 12 14 
0 6 8 10 17 
0 3 7 14 18 
0 6 7 14 18 
0 6 10 14 18 
6 8 10 14 18 
0 9 10 14 18 
3 7 13 14 18 
6 7 14 16 18 
6 8 14 16 18 
7 13 14 16 18 
6 8 10 11 19 
0 7 9 11 21 
0 9 10 11 21 
7 9 10 11 21 
2 5 6 14 21 
0 3 7 14 21 
5 6 7 14 21 
0 7 9 14 21 
6 8 10 14 21 
7 9 10 14 21 
2 5 11 14 21 
2 6 11 14 21 
6 10 11 14 21 
7 10 11 14 21 
5 7 12 14 21 
5 11 12 14 21 
7 11 12 14 21 
3 7 13 14 21 
6 7 14 16 21 
6 8 14 16 21 
7 13 14 16 21 
5 6 7 18 21 
0 3 13 18 21 
0 3 14 18 21 
0 9 14 18 21 
8 10 14 18 21 
9 10 14 18 21 
3 13 14 18 21 
6 7 16 18 21 
7 13 16 18 21 
13 14 16 18 21 
6 8 10 19 21 
6 10 11 19 21 
0 3 7 13 22 
0 6 10 17 22 
0 9 10 17 22 
0 6 11 17 22 
0 3 7 18 22 
5 6 7 18 22 
0 9 10 18 22 
0 3 13 18 22 
3 7 13 18 22 
5 6 17 19 22 
6 11 17 19 22 
11 12 17 19 22 
2 5 6 21 22 
2 5 11 21 22 
2 6 11 21 22 
5 7 12 21 22 
5 11 12 21 22 
5 7 18 21 22 
0 9 18 21 22 
9 10 18 21 22 
0 13 18 21 22 
7 13 18 21 22 
5 17 18 21 22 
5 6 19 21 22 
6 11 19 21 22 
11 12 19 21 22 
5 17 19 21 22 
5 6 17 22 23 
6 10 17 22 23 
9 10 17 22 23 
5 6 18 22 23 
5 17 18 22 23 
0 2 5 6 26 
0 5 6 7 26 
0 2 5 11 26 
0 2 6 11 26 
0 5 7 13 26 
0 5 11 13 26 
5 7 12 13 26 
5 11 12 13 26 
7 11 12 13 26 
0 6 7 18 26 
0 6 10 18 26 
6 8 10 18 26 
8 10 18 21 26 
8 14 18 21 26 
2 5 6 22 26 
5 6 7 22 26 
0 6 10 22 26 
6 8 10 22 26 
2 5 11 22 26 
0 6 11 22 26 
2 6 11 22 26 
5 7 12 22 26 
5 11 12 22 26 
7 11 12 22 26 
0 7 13 22 26 
0 11 13 22 26 
7 11 13 22 26 
0 7 18 22 26 
6 7 18 22 26 
6 8 18 22 26 
0 10 18 22 26 
8 14 18 22 26 
8 10 21 22 26 
8 14 21 22 26 
10 18 21 22 26 
0 3 7 11 27 
0 6 8 11 27 
0 8 10 11 27 
0 3 11 13 27 
3 7 11 13 27 
0 6 8 17 27 
0 8 10 17 27 
6 8 10 17 27 
0 9 10 17 27 
0 6 11 17 27 
6 8 16 18 27 
8 14 16 18 27 
6 8 11 19 27 
8 10 11 19 27 
5 6 17 19 27 
6 11 17 19 27 
11 12 17 19 27 
0 3 7 21 27 
0 9 10 21 27 
0 7 11 21 27 
0 10 11 21 27 
7 11 12 21 27 
0 3 13 21 27 
3 7 13 21 27 
6 8 16 21 27 
8 14 16 21 27 
5 6 18 21 27 
6 16 18 21 27 
5 17 18 21 27 
5 6 19 21 27 
6 8 19 21 27 
8 10 19 21 27 
10 11 19 21 27 
11 12 19 21 27 
5 17 19 21 27 
6 8 10 22 27 
7 11 12 22 27 
0 11 13 22 27 
7 11 13 22 27 
0 9 17 22 27 
0 11 17 22 27 
11 12 17 22 27 
6 8 18 22 27 
8 14 18 22 27 
12 17 19 22 27 
0 9 21 22 27 
8 10 21 22 27 
9 10 21 22 27 
7 12 21 22 27 
0 13 21 22 27 
7 13 21 22 27 
8 14 21 22 27 
12 19 21 22 27 
5 6 17 23 27 
6 10 17 23 27 
9 10 17 23 27 
5 6 18 23 27 
5 17 18 23 27 
6 10 22 23 27 
9 10 22 23 27 
9 17 22 23 27 
6 18 22 23 27 
