5 174
0 4 6 10 16 
0 5 6 10 16 
0 2 4 5 17 
0 2 4 10 17 
0 2 5 10 17 
0 4 6 16 17 
0 4 10 16 17 
0 5 10 16 17 
4 6 10 16 17 
5 6 10 16 17 
0 3 5 9 19 
0 3 5 16 19 
0 3 9 16 19 
3 5 9 16 19 
0 5 16 17 19 
1 5 16 17 19 
0 12 16 17 19 
1 5 16 18 19 
0 9 16 18 19 
5 9 16 18 19 
0 12 16 18 19 
4 5 6 10 20 
0 3 6 12 20 
1 3 6 12 20 
0 4 6 12 20 
1 5 6 12 20 
4 5 6 12 20 
1 3 12 13 20 
1 5 12 13 20 
0 3 5 6 22 
1 3 5 6 22 
1 3 5 13 22 
0 3 5 16 22 
0 5 6 16 22 
0 3 9 16 22 
1 3 13 16 22 
1 5 13 16 22 
3 5 13 16 22 
0 3 6 17 22 
1 3 6 17 22 
1 5 6 17 22 
0 3 12 17 22 
1 3 16 17 22 
1 5 16 17 22 
0 6 16 17 22 
5 6 16 17 22 
3 9 16 17 22 
0 12 16 17 22 
0 12 16 18 22 
12 16 17 19 22 
12 16 18 19 22 
2 4 5 10 23 
0 3 9 12 23 
0 5 9 12 23 
3 5 9 12 23 
0 4 5 17 23 
2 4 5 17 23 
0 4 6 17 23 
2 4 10 17 23 
4 6 10 17 23 
0 5 9 19 23 
0 5 17 19 23 
1 5 17 19 23 
0 6 17 19 23 
0 3 6 17 26 
1 3 6 17 26 
1 5 6 17 26 
2 5 10 17 26 
5 6 10 17 26 
0 3 12 17 26 
0 6 17 19 26 
0 12 17 19 26 
0 3 6 20 26 
1 3 6 20 26 
1 5 6 20 26 
2 5 10 20 26 
5 6 10 20 26 
0 3 12 20 26 
9 16 17 20 26 
1 3 17 21 26 
3 9 17 21 26 
1 3 20 21 26 
1 5 20 21 26 
2 5 20 21 26 
3 9 20 21 26 
9 17 20 21 26 
3 9 17 22 26 
3 12 17 22 26 
9 16 17 22 26 
12 17 19 22 26 
1 5 17 23 26 
2 5 17 23 26 
2 10 17 23 26 
6 10 17 23 26 
6 17 19 23 26 
0 4 5 12 27 
3 5 12 13 27 
3 5 9 16 27 
1 3 13 16 27 
1 5 13 16 27 
3 5 13 16 27 
1 3 16 17 27 
3 9 16 17 27 
1 5 16 18 27 
0 9 16 18 27 
5 9 16 18 27 
1 16 17 19 27 
1 5 18 19 27 
0 9 18 19 27 
5 9 18 19 27 
0 12 18 19 27 
1 16 18 19 27 
0 4 6 20 27 
2 5 10 20 27 
4 5 10 20 27 
4 6 10 20 27 
0 4 12 20 27 
4 5 12 20 27 
1 3 13 20 27 
1 5 13 20 27 
3 12 13 20 27 
5 12 13 20 27 
9 16 17 20 27 
1 3 17 21 27 
3 9 17 21 27 
1 3 20 21 27 
1 5 20 21 27 
2 5 20 21 27 
3 9 20 21 27 
9 17 20 21 27 
0 3 9 22 27 
0 3 12 22 27 
0 9 16 22 27 
0 12 18 22 27 
0 16 18 22 27 
12 18 19 22 27 
0 4 5 23 27 
0 4 6 23 27 
0 3 9 23 27 
3 5 9 23 27 
2 5 10 23 27 
4 5 10 23 27 
4 6 10 23 27 
0 3 12 23 27 
0 5 12 23 27 
3 5 12 23 27 
1 5 19 23 27 
0 6 19 23 27 
0 9 19 23 27 
5 9 19 23 27 
1 17 19 23 27 
0 6 19 26 27 
0 12 19 26 27 
0 6 20 26 27 
3 9 20 26 27 
2 10 20 26 27 
6 10 20 26 27 
0 12 20 26 27 
3 12 20 26 27 
9 16 20 26 27 
1 5 21 26 27 
2 5 21 26 27 
1 17 21 26 27 
2 20 21 26 27 
3 9 22 26 27 
3 12 22 26 27 
9 16 22 26 27 
12 19 22 26 27 
1 5 23 26 27 
2 5 23 26 27 
2 10 23 26 27 
6 10 23 26 27 
1 17 23 26 27 
6 19 23 26 27 
