5 184
1 2 3 5 17 
1 2 7 13 17 
2 3 5 16 17 
2 5 8 16 17 
3 4 10 16 17 
1 3 5 13 18 
3 5 9 13 18 
1 3 10 13 18 
1 3 5 17 18 
1 3 10 17 18 
3 4 10 17 18 
3 4 16 17 18 
3 5 16 17 18 
5 8 16 17 18 
2 5 8 16 19 
1 2 3 17 19 
1 3 10 17 19 
2 3 16 17 19 
2 8 16 17 19 
3 10 16 17 19 
1 2 3 4 20 
1 2 4 10 20 
2 3 4 10 20 
2 3 9 13 20 
2 5 9 13 20 
1 2 10 13 20 
2 3 10 13 20 
1 4 10 18 20 
3 4 10 18 20 
1 7 13 18 20 
1 10 13 18 20 
3 10 13 18 20 
2 5 8 13 21 
2 7 8 13 21 
2 7 8 17 21 
1 2 13 17 21 
1 7 13 17 21 
2 7 13 17 21 
2 5 8 19 21 
1 7 16 19 21 
1 10 16 19 21 
1 2 17 19 21 
2 8 17 19 21 
5 8 17 19 21 
5 9 17 19 21 
1 10 17 19 21 
10 16 17 19 21 
2 3 5 9 22 
1 4 10 16 22 
4 10 16 17 22 
3 5 9 18 22 
1 4 10 18 22 
1 5 13 18 22 
1 7 13 18 22 
3 9 13 18 22 
5 9 13 18 22 
1 4 16 18 22 
1 5 17 18 22 
5 8 17 18 22 
1 10 17 18 22 
4 10 17 18 22 
4 16 17 18 22 
2 3 5 20 22 
2 3 9 20 22 
2 5 9 20 22 
3 9 13 20 22 
3 5 18 20 22 
5 8 18 20 22 
3 13 18 20 22 
7 13 18 20 22 
1 10 16 21 22 
1 7 18 21 22 
1 16 18 21 22 
7 18 20 21 22 
1 3 4 10 24 
1 3 4 16 24 
2 3 5 16 24 
1 4 10 16 24 
3 4 10 16 24 
5 8 16 18 24 
8 16 17 18 24 
1 2 3 19 24 
1 3 10 19 24 
2 3 16 19 24 
2 5 16 19 24 
1 7 16 19 24 
5 8 16 19 24 
1 10 16 19 24 
3 10 16 19 24 
5 8 17 19 24 
5 9 17 19 24 
8 16 17 19 24 
1 2 3 20 24 
2 3 5 20 24 
1 2 13 20 24 
2 5 13 20 24 
1 7 13 20 24 
5 9 13 20 24 
5 8 18 20 24 
5 16 18 20 24 
1 2 13 21 24 
2 5 13 21 24 
1 7 13 21 24 
5 9 13 21 24 
1 2 19 21 24 
2 5 19 21 24 
1 7 19 21 24 
5 9 19 21 24 
7 16 19 21 24 
9 17 19 21 24 
5 8 17 22 24 
5 9 17 22 24 
8 17 18 22 24 
5 8 20 22 24 
5 9 20 22 24 
7 13 20 22 24 
9 13 20 22 24 
8 18 20 22 24 
7 13 21 22 24 
9 13 21 22 24 
9 17 21 22 24 
7 20 21 22 24 
1 3 16 24 25 
3 5 16 24 25 
1 7 16 24 25 
1 3 20 24 25 
3 5 20 24 25 
1 7 20 24 25 
5 16 20 24 25 
7 16 21 24 25 
7 20 21 24 25 
1 3 4 16 26 
1 4 16 18 26 
3 4 16 18 26 
3 5 16 18 26 
1 3 4 20 26 
1 4 18 20 26 
3 4 18 20 26 
3 5 18 20 26 
1 7 18 20 26 
5 16 18 20 26 
1 7 16 21 26 
1 7 18 21 26 
1 16 18 21 26 
7 18 20 21 26 
1 3 16 25 26 
3 5 16 25 26 
1 7 16 25 26 
1 3 20 25 26 
3 5 20 25 26 
1 7 20 25 26 
5 16 20 25 26 
7 16 21 25 26 
7 20 21 25 26 
1 2 5 7 27 
2 5 7 8 27 
1 5 7 13 27 
5 7 8 13 27 
1 2 5 17 27 
1 2 7 17 27 
2 5 8 17 27 
2 7 8 17 27 
5 8 13 21 27 
7 8 13 21 27 
5 9 13 21 27 
1 7 17 21 27 
5 8 17 21 27 
7 8 17 21 27 
5 9 17 21 27 
1 10 17 21 27 
10 16 17 21 27 
1 5 13 22 27 
1 7 13 22 27 
5 9 13 22 27 
1 5 17 22 27 
5 9 17 22 27 
1 10 17 22 27 
10 16 17 22 27 
1 7 21 22 27 
1 10 21 22 27 
7 13 21 22 27 
9 13 21 22 27 
10 16 21 22 27 
9 17 21 22 27 
