5 204
3 4 6 7 17 
3 5 6 7 17 
3 5 6 11 17 
5 6 7 10 18 
1 6 9 10 18 
1 7 9 10 18 
6 7 9 10 18 
2 6 10 16 18 
5 6 10 16 18 
2 4 6 10 19 
1 6 15 17 19 
2 6 10 16 21 
5 6 10 16 21 
2 10 15 17 21 
3 5 7 18 21 
2 6 8 18 21 
5 7 10 18 21 
3 5 16 18 21 
2 10 16 18 21 
5 10 16 18 21 
2 6 8 19 21 
2 4 10 19 21 
2 6 10 19 21 
3 6 11 19 21 
6 8 15 19 21 
6 11 15 19 21 
3 16 18 19 21 
1 4 6 7 22 
1 2 4 8 22 
1 2 6 8 22 
1 4 6 8 22 
1 6 7 9 22 
1 2 4 10 22 
1 2 6 10 22 
1 4 7 10 22 
2 6 8 18 22 
1 6 10 18 22 
2 6 10 18 22 
1 7 10 18 22 
3 4 6 10 23 
3 4 7 10 23 
3 5 7 10 23 
3 5 10 11 23 
3 6 10 11 23 
5 6 10 11 23 
2 6 8 15 23 
2 6 15 17 23 
2 4 6 19 23 
2 6 8 19 23 
4 6 10 19 23 
6 8 15 19 23 
1 6 17 19 23 
6 15 17 19 23 
3 4 6 21 23 
3 4 7 21 23 
3 5 7 21 23 
5 6 10 21 23 
4 7 10 21 23 
5 7 10 21 23 
3 5 11 21 23 
3 6 11 21 23 
5 6 11 21 23 
2 8 15 21 23 
2 15 17 21 23 
2 4 19 21 23 
1 6 19 21 23 
2 8 19 21 23 
4 10 19 21 23 
6 10 19 21 23 
8 15 19 21 23 
3 4 6 17 24 
3 4 7 17 24 
3 5 7 17 24 
5 6 7 17 24 
1 6 9 17 24 
6 7 9 17 24 
3 5 11 17 24 
3 6 11 17 24 
5 6 11 17 24 
3 5 7 18 24 
5 6 7 18 24 
1 6 9 18 24 
1 7 9 18 24 
6 7 9 18 24 
3 5 16 18 24 
2 6 16 18 24 
5 6 16 18 24 
3 6 11 19 24 
3 16 18 19 24 
1 6 17 20 24 
4 6 17 20 24 
4 10 17 20 24 
1 6 19 20 24 
1 17 19 20 24 
3 5 11 21 24 
5 6 11 21 24 
3 5 16 21 24 
2 6 16 21 24 
5 6 16 21 24 
2 6 18 21 24 
6 11 18 21 24 
2 16 18 21 24 
3 11 19 21 24 
3 16 19 21 24 
1 6 18 22 24 
1 7 18 22 24 
3 7 18 22 24 
6 11 18 22 24 
2 4 6 17 25 
2 4 10 17 25 
1 6 17 20 25 
4 6 17 20 25 
4 10 17 20 25 
1 6 19 20 25 
1 17 19 20 25 
3 4 6 21 25 
2 4 10 21 25 
2 10 17 21 25 
1 6 19 21 25 
3 6 19 21 25 
3 18 19 21 25 
2 4 6 23 25 
1 6 17 23 25 
2 6 17 23 25 
1 17 19 23 25 
2 4 21 23 25 
1 6 21 23 25 
4 6 21 23 25 
2 17 21 23 25 
1 19 21 23 25 
3 4 6 24 25 
3 6 19 24 25 
3 18 19 24 25 
4 6 20 24 25 
4 10 20 24 25 
10 17 20 24 25 
6 19 20 24 25 
3 18 22 24 25 
2 4 6 8 26 
2 6 8 15 26 
2 4 6 17 26 
4 6 7 17 26 
1 6 9 17 26 
6 7 9 17 26 
2 4 10 17 26 
1 6 15 17 26 
2 6 15 17 26 
2 10 15 17 26 
1 6 15 19 26 
6 11 15 19 26 
1 15 17 19 26 
3 4 7 21 26 
4 7 10 21 26 
2 8 15 21 26 
6 8 15 21 26 
2 10 15 21 26 
6 11 15 21 26 
10 15 17 21 26 
3 7 18 21 26 
2 8 18 21 26 
6 8 18 21 26 
2 10 18 21 26 
7 10 18 21 26 
6 11 18 21 26 
11 15 19 21 26 
4 6 7 22 26 
2 4 8 22 26 
4 6 8 22 26 
1 6 9 22 26 
1 7 9 22 26 
6 7 9 22 26 
2 4 10 22 26 
4 7 10 22 26 
3 7 18 22 26 
2 8 18 22 26 
6 8 18 22 26 
2 10 18 22 26 
7 10 18 22 26 
6 11 18 22 26 
3 4 7 24 26 
1 7 9 24 26 
4 7 17 24 26 
1 9 17 24 26 
7 9 17 24 26 
4 10 17 24 26 
1 6 19 24 26 
6 11 19 24 26 
1 17 19 24 26 
11 18 21 24 26 
11 19 21 24 26 
1 6 22 24 26 
1 7 22 24 26 
3 7 22 24 26 
6 11 22 24 26 
11 18 22 24 26 
3 4 21 25 26 
4 10 21 25 26 
10 17 21 25 26 
3 18 21 25 26 
3 18 22 25 26 
3 4 24 25 26 
4 10 24 25 26 
10 17 24 25 26 
3 22 24 25 26 
