5 154
3 9 14 15 17 
0 2 15 17 18 
0 12 15 17 18 
0 1 4 9 19 
0 4 9 12 19 
0 2 6 15 19 
2 7 14 15 19 
3 9 14 17 19 
7 9 15 17 19 
0 2 15 18 19 
0 2 17 18 19 
0 1 4 12 22 
0 1 7 12 22 
1 4 9 12 22 
0 7 9 12 22 
1 7 9 12 22 
2 7 9 14 22 
0 1 4 15 22 
0 1 7 15 22 
1 4 9 15 22 
1 7 9 15 22 
0 4 12 15 22 
4 9 12 15 22 
2 7 14 15 22 
3 9 14 15 22 
7 9 14 15 22 
2 6 14 19 22 
2 6 15 19 22 
2 14 15 19 22 
0 2 5 7 23 
0 2 7 9 23 
0 2 5 14 23 
0 5 6 14 23 
2 5 6 14 23 
0 2 9 14 23 
0 5 6 15 23 
2 5 6 15 23 
0 5 7 15 23 
2 5 7 15 23 
4 9 12 15 23 
3 9 15 17 23 
4 9 15 17 23 
3 14 15 17 23 
0 12 15 18 23 
0 12 17 18 23 
0 1 3 19 23 
0 1 4 19 23 
1 3 9 19 23 
1 4 9 19 23 
0 4 12 19 23 
0 9 12 19 23 
4 9 12 19 23 
0 6 14 19 23 
0 9 14 19 23 
3 9 14 19 23 
0 6 15 19 23 
0 3 17 19 23 
3 14 17 19 23 
0 15 18 19 23 
0 17 18 19 23 
0 7 9 22 23 
2 7 9 22 23 
0 9 12 22 23 
2 6 14 22 23 
2 9 14 22 23 
3 9 14 22 23 
2 6 15 22 23 
0 7 15 22 23 
2 7 15 22 23 
3 9 15 22 23 
0 12 15 22 23 
9 12 15 22 23 
3 14 15 22 23 
6 14 19 22 23 
6 15 19 22 23 
0 1 3 9 24 
0 2 9 17 24 
0 3 9 17 24 
2 7 9 17 24 
2 7 15 17 24 
2 15 17 18 24 
0 1 3 19 24 
0 1 9 19 24 
0 2 9 19 24 
1 3 9 19 24 
2 7 9 19 24 
2 7 15 19 24 
0 2 17 19 24 
0 3 17 19 24 
3 9 17 19 24 
7 9 17 19 24 
7 15 17 19 24 
2 15 18 19 24 
2 17 18 19 24 
0 1 2 3 25 
0 1 2 6 25 
0 1 6 7 25 
1 2 6 7 25 
0 5 6 7 25 
2 5 6 7 25 
0 2 3 9 25 
1 2 3 9 25 
1 2 7 9 25 
0 1 4 15 25 
0 2 6 15 25 
0 5 6 15 25 
2 5 6 15 25 
0 1 7 15 25 
0 5 7 15 25 
2 5 7 15 25 
1 4 9 15 25 
1 7 9 15 25 
0 4 12 15 25 
0 2 9 17 25 
0 3 9 17 25 
2 7 9 17 25 
0 2 15 17 25 
2 7 15 17 25 
4 9 15 17 25 
7 9 15 17 25 
0 12 15 17 25 
12 15 17 18 25 
0 1 3 23 25 
0 1 4 23 25 
1 3 9 23 25 
1 4 9 23 25 
0 4 12 23 25 
4 12 15 23 25 
0 3 17 23 25 
3 9 17 23 25 
4 9 17 23 25 
0 12 17 23 25 
4 15 17 23 25 
12 15 18 23 25 
12 17 18 23 25 
0 2 5 6 27 
0 2 5 14 27 
0 5 6 14 27 
2 5 6 14 27 
0 2 9 14 27 
2 7 9 14 27 
7 9 14 15 27 
9 14 15 17 27 
0 2 6 19 27 
0 2 9 19 27 
2 7 9 19 27 
0 6 14 19 27 
2 6 14 19 27 
2 7 14 19 27 
0 9 14 19 27 
7 9 15 19 27 
7 14 15 19 27 
9 14 17 19 27 
9 15 17 19 27 
