5 253
1 5 6 10 15 
1 5 6 11 15 
0 2 3 6 18 
1 2 3 6 18 
0 2 3 8 18 
1 2 3 8 18 
0 3 4 8 18 
1 3 6 11 18 
3 5 6 11 18 
0 3 6 16 18 
3 5 6 16 18 
5 6 10 16 18 
0 2 8 10 19 
0 4 8 10 19 
1 3 8 16 19 
0 2 10 16 19 
1 3 10 16 19 
0 4 10 16 19 
4 7 10 16 19 
3 7 13 16 19 
3 10 13 16 19 
7 10 13 16 19 
0 2 6 10 20 
0 3 4 18 20 
0 2 6 18 20 
0 2 8 18 20 
0 4 8 18 20 
3 4 8 18 20 
0 3 4 19 20 
0 2 8 19 20 
0 4 8 19 20 
3 4 8 19 20 
1 2 9 19 20 
1 8 9 19 20 
2 8 9 19 20 
0 2 14 19 20 
1 2 14 19 20 
0 3 14 19 20 
3 14 17 19 20 
0 6 10 16 21 
1 6 10 18 21 
0 3 16 18 21 
0 6 16 18 21 
3 7 16 18 21 
6 10 16 18 21 
0 2 14 19 21 
1 2 14 19 21 
0 3 14 19 21 
3 14 17 19 21 
1 10 18 19 21 
5 10 18 19 21 
1 2 6 20 21 
0 2 10 20 21 
0 6 10 20 21 
2 6 10 20 21 
0 2 14 20 21 
1 2 14 20 21 
0 3 14 20 21 
3 14 17 20 21 
0 3 18 20 21 
0 6 18 20 21 
1 6 18 20 21 
3 7 18 20 21 
1 14 19 20 21 
1 18 19 20 21 
0 3 4 10 22 
1 3 5 10 22 
0 3 6 10 22 
3 5 6 10 22 
3 4 7 13 22 
3 4 10 13 22 
4 7 10 13 22 
1 5 10 15 22 
0 3 4 16 22 
1 3 5 16 22 
0 3 6 16 22 
3 5 6 16 22 
3 4 7 16 22 
1 3 10 16 22 
0 4 10 16 22 
0 6 10 16 22 
5 6 10 16 22 
4 7 10 16 22 
3 7 13 16 22 
3 10 13 16 22 
7 10 13 16 22 
1 5 18 20 22 
1 8 19 20 22 
1 18 19 20 22 
1 6 10 15 23 
5 6 10 15 23 
1 5 11 15 23 
1 6 11 15 23 
5 6 11 15 23 
0 3 4 16 23 
3 4 7 16 23 
1 8 15 16 23 
1 10 15 16 23 
2 10 15 16 23 
1 6 10 18 23 
5 6 10 18 23 
1 5 11 18 23 
1 6 11 18 23 
5 6 11 18 23 
0 3 4 19 23 
3 4 7 19 23 
0 2 16 19 23 
0 4 16 19 23 
4 7 16 19 23 
1 8 16 19 23 
1 10 16 19 23 
2 10 16 19 23 
1 10 18 19 23 
5 10 18 19 23 
0 3 16 21 23 
3 7 16 21 23 
0 3 19 21 23 
3 7 19 21 23 
1 5 15 22 23 
1 8 15 22 23 
2 10 15 22 23 
5 10 15 22 23 
1 5 18 22 23 
1 8 19 22 23 
8 16 19 22 23 
1 18 19 22 23 
1 8 15 16 24 
1 10 15 16 24 
2 10 15 16 24 
1 8 15 22 24 
1 10 15 22 24 
2 10 15 22 24 
1 8 16 22 24 
1 10 16 22 24 
2 10 16 22 24 
2 15 16 22 24 
8 15 16 23 24 
8 15 22 23 24 
8 16 22 23 24 
3 4 7 8 25 
1 2 6 9 25 
1 6 8 9 25 
2 6 8 9 25 
1 3 8 10 25 
1 6 8 10 25 
2 6 8 10 25 
3 7 8 10 25 
4 7 8 10 25 
3 7 10 13 25 
0 2 10 16 25 
3 4 7 19 25 
1 3 8 19 25 
3 4 8 19 25 
1 2 9 19 25 
1 8 9 19 25 
2 8 9 19 25 
1 3 10 19 25 
4 7 10 19 25 
2 8 10 19 25 
4 8 10 19 25 
3 7 13 19 25 
3 10 13 19 25 
7 10 13 19 25 
1 2 6 21 25 
0 2 10 21 25 
1 6 10 21 25 
2 6 10 21 25 
0 10 16 21 25 
5 10 18 21 25 
10 16 18 21 25 
0 2 19 21 25 
1 2 19 21 25 
1 10 19 21 25 
5 10 19 21 25 
5 18 19 21 25 
2 15 16 22 25 
5 10 18 22 25 
0 2 16 23 25 
2 15 16 23 25 
0 2 19 23 25 
2 10 19 23 25 
5 10 19 23 25 
5 18 19 23 25 
0 16 21 23 25 
0 19 21 23 25 
2 10 22 23 25 
5 10 22 23 25 
2 15 22 23 25 
5 18 22 23 25 
1 2 8 9 26 
1 2 6 18 26 
1 2 8 18 26 
1 3 8 18 26 
1 2 6 20 26 
1 3 8 20 26 
1 2 9 20 26 
1 8 9 20 26 
2 8 9 20 26 
1 5 18 20 26 
1 6 18 20 26 
2 6 18 20 26 
3 7 18 20 26 
2 8 18 20 26 
3 8 18 20 26 
5 10 18 22 26 
5 18 20 22 26 
1 3 5 11 27 
1 3 5 16 27 
1 3 8 16 27 
1 3 11 18 27 
1 5 11 18 27 
3 5 11 18 27 
3 5 16 18 27 
3 7 16 18 27 
5 10 16 18 27 
3 7 16 19 27 
3 8 16 19 27 
1 3 8 20 27 
3 8 19 20 27 
3 17 19 20 27 
7 16 18 21 27 
3 7 19 21 27 
3 17 19 21 27 
3 7 20 21 27 
3 17 20 21 27 
7 18 20 21 27 
1 5 16 22 27 
1 8 16 22 27 
2 10 16 22 27 
5 10 16 22 27 
8 16 19 22 27 
1 5 20 22 27 
1 8 20 22 27 
8 19 20 22 27 
7 16 19 23 27 
7 16 21 23 27 
7 19 21 23 27 
2 10 16 25 27 
10 16 18 25 27 
2 10 22 25 27 
2 16 22 25 27 
10 18 22 25 27 
1 3 18 26 27 
1 5 18 26 27 
3 7 18 26 27 
5 10 18 26 27 
1 3 20 26 27 
1 5 20 26 27 
3 7 20 26 27 
7 18 20 26 27 
5 10 22 26 27 
10 18 22 26 27 
5 20 22 26 27 
