5 160
0 3 9 10 14 
0 1 2 14 19 
1 2 3 14 19 
0 3 9 15 19 
2 3 14 15 19 
0 1 2 9 20 
1 2 3 9 20 
0 2 3 10 20 
0 2 9 10 20 
2 3 9 10 20 
0 1 9 13 20 
1 3 9 13 20 
0 1 2 14 20 
0 2 3 14 20 
1 2 3 14 20 
0 3 10 14 20 
3 9 10 14 20 
1 3 13 19 20 
3 5 13 19 20 
1 3 14 19 20 
3 12 14 19 20 
1 13 14 19 20 
5 13 14 19 20 
3 4 9 13 21 
3 4 9 14 21 
3 4 12 14 21 
4 9 12 14 21 
1 13 14 19 21 
5 13 14 19 21 
1 13 17 19 21 
0 9 10 20 21 
0 1 13 20 21 
0 9 13 20 21 
3 9 13 20 21 
0 1 14 20 21 
3 9 14 20 21 
0 10 14 20 21 
9 10 14 20 21 
3 12 14 20 21 
1 13 14 20 21 
5 13 14 20 21 
5 14 19 20 21 
0 1 2 3 23 
0 1 3 5 23 
0 1 5 13 23 
1 3 5 13 23 
3 9 12 15 23 
3 12 14 15 23 
0 1 2 19 23 
0 2 3 19 23 
1 2 3 19 23 
0 3 9 19 23 
0 1 13 19 23 
1 3 13 19 23 
3 5 13 19 23 
3 12 14 19 23 
3 9 15 19 23 
3 14 15 19 23 
0 9 10 14 24 
0 1 14 15 24 
0 9 14 15 24 
9 12 14 15 24 
3 9 12 17 24 
0 1 13 19 24 
0 1 15 19 24 
0 9 15 19 24 
1 13 17 19 24 
3 5 13 20 24 
3 5 19 20 24 
3 12 19 20 24 
12 14 19 20 24 
0 1 14 21 24 
0 10 14 21 24 
9 10 14 21 24 
9 12 14 21 24 
9 10 17 21 24 
3 12 17 21 24 
9 12 17 21 24 
3 13 17 21 24 
5 13 19 21 24 
13 17 19 21 24 
3 12 20 21 24 
3 13 20 21 24 
5 13 20 21 24 
12 14 20 21 24 
5 19 20 21 24 
0 3 5 23 24 
0 3 9 23 24 
3 9 12 23 24 
0 5 13 23 24 
9 12 15 23 24 
12 14 15 23 24 
3 5 19 23 24 
0 9 19 23 24 
3 12 19 23 24 
0 13 19 23 24 
5 13 19 23 24 
12 14 19 23 24 
9 15 19 23 24 
0 3 9 12 26 
0 3 5 13 26 
0 3 12 13 26 
3 4 12 13 26 
0 9 12 13 26 
4 9 12 13 26 
3 9 12 17 26 
0 9 10 21 26 
3 4 12 21 26 
4 9 12 21 26 
0 1 13 21 26 
3 4 13 21 26 
0 9 13 21 26 
4 9 13 21 26 
9 10 17 21 26 
3 12 17 21 26 
9 12 17 21 26 
1 13 17 21 26 
3 13 17 21 26 
1 14 19 21 26 
1 17 19 21 26 
0 3 5 24 26 
0 3 9 24 26 
0 9 10 24 26 
0 1 13 24 26 
0 5 13 24 26 
3 5 13 24 26 
1 14 15 24 26 
3 9 17 24 26 
9 10 17 24 26 
1 13 17 24 26 
3 13 17 24 26 
1 15 19 24 26 
1 17 19 24 26 
0 1 21 24 26 
0 10 21 24 26 
1 14 21 24 26 
10 17 21 24 26 
3 4 9 12 27 
0 2 3 14 27 
0 3 9 14 27 
3 4 9 14 27 
3 4 12 14 27 
4 9 12 14 27 
0 3 9 15 27 
3 9 12 15 27 
0 1 14 15 27 
2 3 14 15 27 
0 9 14 15 27 
3 12 14 15 27 
9 12 14 15 27 
0 2 3 19 27 
0 1 14 19 27 
0 2 14 19 27 
0 1 15 19 27 
0 3 15 19 27 
2 3 15 19 27 
2 14 15 19 27 
1 14 15 26 27 
1 14 19 26 27 
1 15 19 26 27 
