5 152
0 1 5 7 18 
0 1 6 7 18 
1 2 6 7 18 
1 2 7 9 18 
0 5 7 9 18 
1 5 7 9 18 
2 6 7 9 18 
0 1 5 18 20 
0 1 6 18 20 
1 2 6 18 20 
0 6 7 18 20 
1 2 9 18 20 
2 4 9 18 20 
0 5 9 18 20 
1 5 9 18 20 
0 7 9 18 20 
6 7 9 18 20 
2 6 12 18 20 
0 1 5 9 22 
0 6 7 20 22 
0 6 14 20 22 
4 9 15 20 22 
7 9 15 20 22 
4 15 18 20 22 
1 2 4 9 23 
1 4 6 9 23 
1 2 4 12 23 
1 2 6 12 23 
1 4 6 12 23 
4 6 9 15 23 
0 6 15 19 23 
6 9 15 19 23 
7 9 15 19 23 
1 2 6 20 23 
1 2 9 20 23 
2 4 9 20 23 
2 4 12 20 23 
2 6 12 20 23 
4 6 12 20 23 
0 6 15 20 23 
4 6 15 20 23 
4 9 15 20 23 
7 9 15 20 23 
2 4 9 18 24 
2 6 9 18 24 
2 6 12 18 24 
0 1 5 20 24 
0 5 9 20 24 
1 5 9 20 24 
2 4 12 20 24 
4 6 12 20 24 
0 6 14 20 24 
0 6 15 20 24 
4 6 15 20 24 
2 4 18 20 24 
2 12 18 20 24 
4 15 18 20 24 
0 1 5 22 24 
0 5 9 22 24 
1 5 9 22 24 
0 6 14 22 24 
0 9 14 22 24 
4 9 14 22 24 
4 15 18 22 24 
6 12 20 22 24 
6 14 20 22 24 
0 15 19 23 24 
0 15 20 23 24 
2 4 6 9 25 
2 4 6 12 25 
4 6 9 15 25 
0 6 15 19 25 
6 9 15 19 25 
7 9 15 19 25 
0 1 6 20 25 
1 6 9 23 25 
0 6 19 23 25 
6 9 19 23 25 
7 9 19 23 25 
7 15 19 23 25 
0 6 20 23 25 
1 6 20 23 25 
1 9 20 23 25 
7 9 20 23 25 
7 15 20 23 25 
0 1 6 24 25 
2 4 9 24 25 
1 6 9 24 25 
2 6 9 24 25 
2 4 12 24 25 
2 6 12 24 25 
4 6 12 24 25 
0 6 15 24 25 
4 6 15 24 25 
1 9 15 24 25 
4 9 15 24 25 
0 15 19 24 25 
0 1 20 24 25 
0 19 23 24 25 
0 20 23 24 25 
0 1 6 9 26 
0 6 7 9 26 
6 7 9 20 26 
4 9 18 20 26 
6 9 18 20 26 
6 12 18 20 26 
0 6 7 22 26 
0 1 9 22 26 
0 7 9 22 26 
6 7 20 22 26 
4 9 20 22 26 
7 9 20 22 26 
6 12 20 22 26 
4 18 20 22 26 
0 1 6 24 26 
1 6 9 24 26 
4 9 18 24 26 
6 9 18 24 26 
6 12 18 24 26 
12 18 20 24 26 
0 1 22 24 26 
0 6 22 24 26 
1 9 22 24 26 
4 9 22 24 26 
6 12 22 24 26 
4 18 22 24 26 
12 20 22 24 26 
0 7 9 20 27 
0 7 9 22 27 
0 9 14 22 27 
4 9 14 22 27 
4 9 15 22 27 
7 9 15 22 27 
0 7 20 22 27 
0 14 20 22 27 
7 15 20 22 27 
0 9 14 24 27 
4 9 14 24 27 
1 9 15 24 27 
4 9 15 24 27 
0 9 20 24 27 
1 9 20 24 27 
0 14 20 24 27 
4 14 22 24 27 
4 15 22 24 27 
1 9 15 25 27 
7 9 15 25 27 
1 9 20 25 27 
7 9 20 25 27 
7 15 20 25 27 
1 15 24 25 27 
1 20 24 25 27 
