5 120
0 5 8 12 15 
0 8 9 12 15 
5 8 10 12 15 
0 5 8 15 17 
2 5 10 15 17 
0 5 12 15 17 
0 9 12 15 17 
5 10 12 15 17 
2 5 10 17 18 
2 4 5 10 19 
2 4 5 12 19 
4 5 10 12 19 
0 5 8 17 19 
0 5 12 17 19 
0 9 12 17 19 
5 10 12 17 19 
2 5 10 18 19 
5 8 17 18 19 
5 10 17 18 19 
9 12 17 18 19 
10 12 17 18 19 
2 5 17 18 21 
5 8 17 18 21 
2 15 17 18 21 
2 4 12 19 21 
0 9 12 19 21 
4 10 12 19 21 
8 17 18 19 21 
0 5 8 10 22 
0 8 9 10 22 
0 9 10 12 22 
8 9 10 12 22 
0 8 9 15 22 
2 4 10 15 22 
2 5 10 15 22 
5 8 10 15 22 
8 9 12 15 22 
8 10 12 15 22 
2 5 15 17 22 
0 8 15 17 22 
5 8 15 17 22 
0 9 15 17 22 
4 10 15 17 22 
9 12 15 17 22 
10 12 15 17 22 
0 5 8 21 22 
2 4 10 21 22 
0 5 10 21 22 
2 5 10 21 22 
0 9 12 21 22 
0 10 12 21 22 
2 5 17 21 22 
0 8 17 21 22 
5 8 17 21 22 
0 9 17 21 22 
4 10 17 21 22 
9 12 17 21 22 
10 12 17 21 22 
2 15 17 21 22 
0 2 5 10 25 
0 2 5 12 25 
0 2 10 12 25 
2 4 10 12 25 
0 5 8 19 25 
0 5 12 19 25 
2 5 12 19 25 
0 8 17 19 25 
0 5 8 21 25 
2 4 10 21 25 
0 5 10 21 25 
2 5 10 21 25 
2 4 12 21 25 
0 10 12 21 25 
4 10 12 21 25 
0 8 17 21 25 
2 5 19 21 25 
5 8 19 21 25 
0 9 19 21 25 
0 12 19 21 25 
2 12 19 21 25 
8 17 19 21 25 
2 4 10 15 27 
2 10 15 17 27 
4 10 15 17 27 
2 10 17 18 27 
9 12 17 18 27 
10 12 17 18 27 
2 15 17 18 27 
2 4 10 19 27 
0 9 17 19 27 
2 5 18 19 27 
5 8 18 19 27 
2 10 18 19 27 
9 12 18 19 27 
10 12 18 19 27 
9 17 18 19 27 
0 9 17 21 27 
4 10 17 21 27 
9 12 17 21 27 
10 12 17 21 27 
2 5 18 21 27 
5 8 18 21 27 
2 15 18 21 27 
2 4 19 21 27 
2 5 19 21 27 
5 8 19 21 27 
4 10 19 21 27 
9 12 19 21 27 
10 12 19 21 27 
8 18 19 21 27 
2 4 15 22 27 
4 15 17 22 27 
2 4 21 22 27 
2 15 21 22 27 
4 17 21 22 27 
0 9 19 25 27 
0 17 19 25 27 
0 9 21 25 27 
0 17 21 25 27 
9 19 21 25 27 
