5 122
1 4 5 14 15 
0 1 5 6 16 
1 2 5 6 16 
2 4 5 15 16 
1 3 14 15 16 
1 4 14 15 16 
2 5 14 15 16 
4 5 14 15 16 
2 6 14 15 16 
0 2 5 6 17 
0 1 6 7 17 
0 2 6 7 17 
1 3 14 15 17 
0 1 3 16 17 
0 2 5 16 17 
0 1 6 16 17 
0 5 6 16 17 
2 5 6 16 17 
0 2 7 16 17 
2 6 7 16 17 
1 3 14 16 17 
1 4 14 16 17 
3 14 15 16 17 
0 1 2 7 18 
1 2 6 7 18 
1 2 5 16 18 
1 2 6 16 18 
0 1 3 17 18 
0 1 7 17 18 
1 6 7 17 18 
1 4 14 17 18 
1 3 15 17 18 
1 14 15 17 18 
0 3 16 17 18 
1 4 16 17 18 
1 6 16 17 18 
0 7 16 17 18 
6 7 16 17 18 
4 14 16 17 18 
3 15 16 17 18 
1 4 5 14 19 
0 1 2 15 19 
0 1 3 15 19 
1 2 5 15 19 
0 2 7 15 19 
1 5 14 15 19 
2 5 14 15 19 
2 7 14 15 19 
1 4 5 16 19 
2 5 14 16 19 
4 5 14 16 19 
2 6 14 16 19 
0 3 15 16 19 
0 7 15 16 19 
0 1 2 18 19 
0 1 3 18 19 
1 2 5 18 19 
0 2 7 18 19 
2 6 7 18 19 
1 4 14 18 19 
1 3 15 18 19 
1 14 15 18 19 
0 3 16 18 19 
1 4 16 18 19 
1 5 16 18 19 
2 5 16 18 19 
2 6 16 18 19 
0 7 16 18 19 
6 7 16 18 19 
4 14 16 18 19 
3 15 16 18 19 
0 1 2 3 20 
1 2 3 4 20 
1 2 4 5 20 
0 1 2 15 20 
0 1 3 15 20 
1 3 4 15 20 
2 3 4 15 20 
1 2 5 15 20 
1 4 5 15 20 
2 4 5 15 20 
0 2 7 15 20 
2 6 14 15 20 
2 7 14 15 20 
2 6 7 19 20 
2 6 14 19 20 
2 7 14 19 20 
7 14 15 19 20 
6 7 16 19 20 
6 14 16 19 20 
7 15 16 19 20 
0 1 3 4 21 
0 2 3 4 21 
0 1 4 5 21 
0 2 4 5 21 
1 3 4 15 21 
2 3 4 15 21 
0 1 3 16 21 
0 1 5 16 21 
0 2 5 16 21 
1 4 5 16 21 
2 4 5 16 21 
0 2 7 16 21 
2 6 7 16 21 
0 3 15 16 21 
1 3 15 16 21 
1 4 15 16 21 
2 4 15 16 21 
2 6 15 16 21 
0 7 15 16 21 
6 14 15 16 21 
0 2 3 20 21 
0 2 7 20 21 
2 6 7 20 21 
0 3 15 20 21 
2 3 15 20 21 
2 6 15 20 21 
0 7 15 20 21 
6 14 15 20 21 
6 7 16 20 21 
6 14 16 20 21 
7 15 16 20 21 
